"249180010","PSZCZYNA","2001","03","01",4.5,"",-3.4,"",.3,"",-10.6,"",.0,"","S",2,""
"249180010","PSZCZYNA","2001","03","02",5.0,"",-2.8,"",.2,"",-3.8,"",.0,"","S",0,"9"
"249180010","PSZCZYNA","2001","03","03",6.0,"",-2.4,"",1.9,"",-2.8,"",.0,"9","",0,""
"249180010","PSZCZYNA","2001","03","04",6.0,"",-1.4,"",3.1,"",-3.0,"",2.6,"","W",0,"9"
"249180010","PSZCZYNA","2001","03","05",5.2,"",-1.0,"",1.8,"",-.9,"",3.2,"","S",0,"9"
"249180010","PSZCZYNA","2001","03","06",5.0,"",-3.4,"",-.4,"",-4.3,"",.0,"9","",0,""
"249180010","PSZCZYNA","2001","03","07",10.6,"",-5.3,"",2.0,"",-7.4,"",.0,"9","",0,"9"
"249180010","PSZCZYNA","2001","03","08",12.1,"",2.5,"",6.5,"",-3.8,"",.0,"9","",0,"9"
"249180010","PSZCZYNA","2001","03","09",14.1,"",.1,"",6.6,"",-1.9,"",1.8,"","W",0,"9"
"249180010","PSZCZYNA","2001","03","10",13.0,"",5.1,"",8.6,"",1.2,"",2.2,"","W",0,"9"
"249180010","PSZCZYNA","2001","03","11",12.1,"",4.1,"",8.4,"",-.6,"",1.2,"","W",0,"9"
"249180010","PSZCZYNA","2001","03","12",15.1,"",4.6,"",9.6,"",-.6,"",.0,"9","",0,"9"
"249180010","PSZCZYNA","2001","03","13",13.1,"",5.0,"",8.9,"",4.9,"",5.9,"","W",0,"9"
"249180010","PSZCZYNA","2001","03","14",9.0,"",1.9,"",5.1,"",-2.3,"",.6,"","W",0,"9"
"249180010","PSZCZYNA","2001","03","15",9.3,"",1.5,"",4.4,"",-1.9,"",5.1,"","W",0,"9"
"249180010","PSZCZYNA","2001","03","16",9.0,"",1.5,"",4.8,"",.5,"",.0,"9","",0,"9"
"249180010","PSZCZYNA","2001","03","17",11.1,"",5.0,"",6.8,"",-.4,"",8.3,"","W",0,"9"
"249180010","PSZCZYNA","2001","03","18",5.0,"",.0,"",2.2,"",-.7,"",2.2,"","W",0,"9"
"249180010","PSZCZYNA","2001","03","19",12.4,"",-1.4,"",4.4,"",-3.3,"",3.1,"","S",0,"9"
"249180010","PSZCZYNA","2001","03","20",5.0,"",-2.4,"",.6,"",-3.3,"",.4,"","S",0,""
"249180010","PSZCZYNA","2001","03","21",1.5,"",-5.3,"",-2.2,"",-6.7,"",.5,"","S",0,"9"
"249180010","PSZCZYNA","2001","03","22",6.5,"",-3.7,"",1.2,"",-3.8,"",1.2,"","W",0,""
"249180010","PSZCZYNA","2001","03","23",5.5,"",2.0,"",3.2,"",-1.9,"",2.4,"","W",0,"9"
"249180010","PSZCZYNA","2001","03","24",6.5,"",.3,"",2.8,"",-9.0,"",5.5,"","W",0,"9"
"249180010","PSZCZYNA","2001","03","25",6.0,"",.0,"",2.6,"",-.4,"",2.2,"","S",0,"9"
"249180010","PSZCZYNA","2001","03","26",2.6,"",-2.4,"",-.3,"",-3.9,"",3.8,"","S",0,""
"249180010","PSZCZYNA","2001","03","27",-1.0,"",-3.8,"",-2.2,"",-4.6,"",.0,"","S",0,"9"
"249180010","PSZCZYNA","2001","03","28",.0,"",-3.4,"",-1.7,"",-2.5,"",.0,"","S",0,"9"
"249180010","PSZCZYNA","2001","03","29",6.0,"",-4.8,"",.5,"",-4.8,"",.0,"9","",0,"9"
"249180010","PSZCZYNA","2001","03","30",15.1,"",-1.4,"",6.1,"",-2.0,"",.0,"9","",0,"9"
"249180010","PSZCZYNA","2001","03","31",15.6,"",.5,"",8.0,"",-1.6,"",2.5,"","W",0,"9"
"249180130","CIESZYN","2001","03","01",4.7,"",.5,"",2.1,"",-4.7,"",.0,"9","",12,""
"249180130","CIESZYN","2001","03","02",5.3,"",-4.7,"",-.2,"",-8.9,"",.0,"","S",12,""
"249180130","CIESZYN","2001","03","03",5.6,"",-.2,"",1.8,"",-3.2,"",.7,"","W",9,""
"249180130","CIESZYN","2001","03","04",6.9,"",.0,"",3.5,"",-1.8,"",1.4,"","W",6,""
"249180130","CIESZYN","2001","03","05",7.0,"",.0,"",2.6,"",-1.0,"",5.1,"","S",0,"9"
"249180130","CIESZYN","2001","03","06",5.7,"",-1.6,"",1.1,"",-5.0,"",.0,"9","",0,"9"
"249180130","CIESZYN","2001","03","07",10.7,"",-5.1,"",1.8,"",-7.0,"",.0,"9","",0,"9"
"249180130","CIESZYN","2001","03","08",11.1,"",4.4,"",7.7,"",-.8,"",.0,"9","",0,"9"
"249180130","CIESZYN","2001","03","09",15.0,"",6.4,"",10.3,"",2.8,"",5.6,"","W",0,"9"
"249180130","CIESZYN","2001","03","10",13.2,"",6.3,"",8.9,"",5.1,"",1.7,"","W",0,"9"
"249180130","CIESZYN","2001","03","11",12.3,"",7.0,"",9.1,"",4.9,"",1.3,"","W",0,"9"
"249180130","CIESZYN","2001","03","12",15.5,"",7.4,"",11.3,"",4.3,"",.0,"9","",0,"9"
"249180130","CIESZYN","2001","03","13",13.6,"",5.8,"",9.4,"",3.6,"",10.3,"","W",0,"9"
"249180130","CIESZYN","2001","03","14",9.9,"",3.0,"",5.7,"",-.9,"",.0,"9","",0,"9"
"249180130","CIESZYN","2001","03","15",9.9,"",2.7,"",5.6,"",-2.7,"",2.5,"","W",0,"9"
"249180130","CIESZYN","2001","03","16",10.9,"",2.6,"",6.4,"",-1.7,"",.0,"","W",0,"9"
"249180130","CIESZYN","2001","03","17",12.2,"",6.5,"",8.2,"",2.3,"",5.2,"","W",0,"9"
"249180130","CIESZYN","2001","03","18",7.3,"",1.3,"",4.1,"",-.1,"",1.3,"","W",0,"9"
"249180130","CIESZYN","2001","03","19",12.1,"",1.6,"",6.7,"",-1.8,"",3.0,"","W",0,"9"
"249180130","CIESZYN","2001","03","20",5.7,"",-1.2,"",1.1,"",-4.7,"",.6,"","S",0,"9"
"249180130","CIESZYN","2001","03","21",2.1,"",-4.6,"",-1.5,"",-7.0,"",.7,"","S",0,"9"
"249180130","CIESZYN","2001","03","22",5.1,"",-1.2,"",1.7,"",-2.7,"",1.6,"","W",0,""
"249180130","CIESZYN","2001","03","23",5.7,"",3.0,"",4.2,"",.1,"",4.8,"","W",0,"9"
"249180130","CIESZYN","2001","03","24",12.7,"",2.6,"",7.3,"",1.0,"",6.9,"","W",0,"9"
"249180130","CIESZYN","2001","03","25",10.8,"",4.0,"",6.6,"",2.9,"",7.0,"","W",0,"9"
"249180130","CIESZYN","2001","03","26",5.0,"",-1.3,"",1.0,"",-2.4,"",1.3,"","S",0,"9"
"249180130","CIESZYN","2001","03","27",.5,"",-2.7,"",-1.6,"",-3.8,"",.0,"9","",0,"9"
"249180130","CIESZYN","2001","03","28",.4,"",-2.4,"",-1.1,"",-4.6,"",.0,"9","",0,"9"
"249180130","CIESZYN","2001","03","29",7.0,"",-3.2,"",2.1,"",-7.6,"",.0,"9","",0,"9"
"249180130","CIESZYN","2001","03","30",16.4,"",4.0,"",9.5,"",.1,"",.1,"","W",0,"9"
"249180130","CIESZYN","2001","03","31",11.1,"",6.3,"",8.1,"",3.8,"",3.0,"","W",0,"9"
"249180160","BRENNA","2001","03","01",4.6,"",-1.0,"",1.9,"",-8.7,"",.0,"9","",18,""
"249180160","BRENNA","2001","03","02",4.8,"",-.8,"",1.2,"",-9.2,"",.0,"","S",13,""
"249180160","BRENNA","2001","03","03",5.8,"",-.6,"",1.8,"",-8.2,"",1.6,"","W",12,""
"249180160","BRENNA","2001","03","04",8.1,"",-.7,"",3.2,"",-5.3,"",1.3,"","W",10,""
"249180160","BRENNA","2001","03","05",5.6,"",-.3,"",2.1,"",-6.0,"",6.5,"","S",0,"9"
"249180160","BRENNA","2001","03","06",5.5,"",-1.7,"",.7,"",-8.3,"",.0,"9","",0,""
"249180160","BRENNA","2001","03","07",10.2,"",-3.0,"",2.6,"",-9.4,"",.0,"9","",0,""
"249180160","BRENNA","2001","03","08",11.0,"",4.3,"",7.3,"",-2.8,"",.0,"9","",0,"9"
"249180160","BRENNA","2001","03","09",14.4,"",7.0,"",10.4,"",.0,"",5.4,"","W",0,"9"
"249180160","BRENNA","2001","03","10",11.1,"",5.5,"",7.6,"",.9,"",2.5,"","W",0,"9"
"249180160","BRENNA","2001","03","11",10.9,"",7.1,"",8.9,"",-1.2,"",.2,"","W",0,"9"
"249180160","BRENNA","2001","03","12",14.3,"",7.2,"",11.0,"",2.7,"",.0,"9","",0,"9"
"249180160","BRENNA","2001","03","13",13.7,"",5.6,"",9.4,"",-1.7,"",12.0,"","W",0,"9"
"249180160","BRENNA","2001","03","14",9.2,"",2.2,"",5.4,"",-3.8,"",.0,"9","",0,"9"
"249180160","BRENNA","2001","03","15",8.7,"",3.2,"",5.3,"",-4.6,"",5.9,"","W",0,"9"
"249180160","BRENNA","2001","03","16",10.4,"",1.2,"",5.6,"",-5.0,"",.0,"","W",0,"9"
"249180160","BRENNA","2001","03","17",11.6,"",5.3,"",7.9,"",1.1,"",4.9,"","W",0,"9"
"249180160","BRENNA","2001","03","18",7.4,"",1.6,"",4.3,"",-3.5,"",1.5,"","W",0,"9"
"249180160","BRENNA","2001","03","19",11.6,"",3.3,"",7.4,"",-2.5,"",5.6,"","W",0,"9"
"249180160","BRENNA","2001","03","20",7.3,"",-1.8,"",1.1,"",-7.7,"",.5,"","S",0,"9"
"249180160","BRENNA","2001","03","21",1.9,"",-5.3,"",-2.1,"",-10.4,"",.4,"","S",0,""
"249180160","BRENNA","2001","03","22",5.2,"",-1.4,"",1.7,"",-5.9,"",1.1,"","W",0,"9"
"249180160","BRENNA","2001","03","23",5.5,"",3.0,"",4.0,"",-1.7,"",5.8,"","W",0,"9"
"249180160","BRENNA","2001","03","24",11.5,"",2.5,"",7.5,"",-2.0,"",7.1,"","W",0,"9"
"249180160","BRENNA","2001","03","25",11.8,"",3.9,"",6.9,"",-3.8,"",6.6,"","W",0,"9"
"249180160","BRENNA","2001","03","26",4.3,"",-.2,"",1.4,"",-6.1,"",.9,"","S",0,"9"
"249180160","BRENNA","2001","03","27",.6,"",-3.7,"",-1.9,"",-7.7,"",.0,"","S",0,""
"249180160","BRENNA","2001","03","28",-.3,"",-2.7,"",-1.3,"",-7.7,"",.0,"9","",0,""
"249180160","BRENNA","2001","03","29",7.2,"",-4.0,"",1.3,"",-10.2,"",.0,"9","",0,"9"
"249180160","BRENNA","2001","03","30",14.3,"",-.6,"",7.4,"",-7.3,"",.0,"9","",0,"9"
"249180160","BRENNA","2001","03","31",10.4,"",5.7,"",7.7,"",-2.6,"",2.0,"","W",0,"9"
"249180230","WIS£A","2001","03","01",4.0,"",-3.1,"",.6,"",.0,"8",.7,"","S",49,""
"249180230","WIS£A","2001","03","02",4.0,"",-5.5,"",-1.2,"",.0,"8",.9,"","S",45,""
"249180230","WIS£A","2001","03","03",4.8,"",-4.5,"",.3,"",.0,"8",.8,"","S",41,""
"249180230","WIS£A","2001","03","04",8.5,"",.1,"",3.2,"",.0,"8",5.4,"","W",36,""
"249180230","WIS£A","2001","03","05",4.1,"",-.3,"",1.2,"",.0,"8",8.7,"","S",21,""
"249180230","WIS£A","2001","03","06",6.4,"",-3.0,"",.0,"",.0,"8",.0,"9","",22,""
"249180230","WIS£A","2001","03","07",8.9,"",-6.6,"",-.3,"",.0,"8",.0,"9","",17,""
"249180230","WIS£A","2001","03","08",9.9,"",1.2,"",5.6,"",.0,"8",.0,"9","",13,""
"249180230","WIS£A","2001","03","09",13.1,"",4.9,"",7.9,"",.0,"8",4.5,"","W",8,""
"249180230","WIS£A","2001","03","10",10.5,"",3.1,"",5.7,"",.0,"8",3.9,"","W",0,"9"
"249180230","WIS£A","2001","03","11",9.6,"",2.5,"",6.4,"",.0,"8",1.8,"","W",0,"9"
"249180230","WIS£A","2001","03","12",13.3,"",2.5,"",7.9,"",.0,"8",.0,"9","",0,"9"
"249180230","WIS£A","2001","03","13",10.8,"",5.7,"",8.1,"",.0,"8",9.1,"","W",0,"9"
"249180230","WIS£A","2001","03","14",8.7,"",-.5,"",3.6,"",.0,"8",1.5,"","W",0,"9"
"249180230","WIS£A","2001","03","15",8.5,"",-1.7,"",2.9,"",.0,"8",4.8,"","W",0,"9"
"249180230","WIS£A","2001","03","16",9.5,"",.0,"",4.3,"",.0,"8",.0,"9","",0,"9"
"249180230","WIS£A","2001","03","17",12.9,"",4.5,"",7.9,"",.0,"8",3.8,"","W",0,"9"
"249180230","WIS£A","2001","03","18",8.9,"",1.3,"",4.3,"",.0,"8",3.7,"","W",0,"9"
"249180230","WIS£A","2001","03","19",10.8,"",.0,"",5.4,"",.0,"8",9.0,"","W",0,"9"
"249180230","WIS£A","2001","03","20",5.9,"",-1.0,"",.8,"",.0,"8",.2,"","S",0,"9"
"249180230","WIS£A","2001","03","21",2.5,"",-5.0,"",-1.6,"",.0,"8",1.2,"","S",0,"9"
"249180230","WIS£A","2001","03","22",4.8,"",-1.5,"",1.3,"",.0,"8",2.3,"","W",0,""
"249180230","WIS£A","2001","03","23",4.3,"",2.1,"",3.1,"",.0,"8",6.6,"","W",0,"9"
"249180230","WIS£A","2001","03","24",10.9,"",1.7,"",6.4,"",.0,"8",2.9,"","W",0,"9"
"249180230","WIS£A","2001","03","25",8.9,"",4.8,"",6.5,"",.0,"8",8.1,"","W",0,"9"
"249180230","WIS£A","2001","03","26",4.9,"",-1.1,"",.8,"",.0,"8",1.8,"","S",0,"9"
"249180230","WIS£A","2001","03","27",-.2,"",-3.1,"",-2.2,"",.0,"8",.0,"9","",0,""
"249180230","WIS£A","2001","03","28",-.2,"",-3.2,"",-1.9,"",.0,"8",.0,"9","",0,"9"
"249180230","WIS£A","2001","03","29",6.9,"",-6.1,"",-.4,"",.0,"8",.0,"9","",0,"9"
"249180230","WIS£A","2001","03","30",14.0,"",-1.2,"",6.7,"",.0,"8",.0,"9","",0,"9"
"249180230","WIS£A","2001","03","31",11.9,"",3.9,"",6.9,"",.0,"8",3.0,"","W",0,"9"
"249180260","ISTEBNA-KUBALONKA","2001","03","01",.0,"",-3.8,"",-1.7,"",.0,"8",.8,"","S",50,""
"249180260","ISTEBNA-KUBALONKA","2001","03","02",.0,"",-3.8,"",-2.7,"",.0,"8",.5,"","S",50,""
"249180260","ISTEBNA-KUBALONKA","2001","03","03",1.5,"",-4.8,"",-1.2,"",.0,"8",.8,"","W",48,""
"249180260","ISTEBNA-KUBALONKA","2001","03","04",5.1,"",-1.1,"",1.5,"",.0,"8",3.5,"","W",46,""
"249180260","ISTEBNA-KUBALONKA","2001","03","05",2.1,"",-3.1,"",-.8,"",.0,"8",8.3,"","S",36,""
"249180260","ISTEBNA-KUBALONKA","2001","03","06",3.0,"",-5.1,"",-2.1,"",.0,"8",.0,"9","",38,""
"249180260","ISTEBNA-KUBALONKA","2001","03","07",5.9,"",-4.4,"",.0,"",.0,"8",.0,"9","",34,""
"249180260","ISTEBNA-KUBALONKA","2001","03","08",5.9,"",.6,"",3.0,"",.0,"8",.0,"9","",29,""
"249180260","ISTEBNA-KUBALONKA","2001","03","09",9.4,"",2.0,"",5.2,"",.0,"8",5.1,"","W",25,""
"249180260","ISTEBNA-KUBALONKA","2001","03","10",6.4,"",4.3,"",4.9,"",.0,"8",3.7,"","W",18,""
"249180260","ISTEBNA-KUBALONKA","2001","03","11",5.0,"",2.2,"",3.9,"",.0,"8",2.8,"","W",13,""
"249180260","ISTEBNA-KUBALONKA","2001","03","12",9.4,"",4.0,"",6.4,"",.0,"8",.2,"","W",7,""
"249180260","ISTEBNA-KUBALONKA","2001","03","13",7.0,"",2.9,"",5.0,"",.0,"8",6.9,"","W",3,""
"249180260","ISTEBNA-KUBALONKA","2001","03","14",4.5,"",.6,"",2.0,"",.0,"8",.2,"","S",0,"9"
"249180260","ISTEBNA-KUBALONKA","2001","03","15",4.4,"",-1.8,"",.9,"",.0,"8",2.0,"","S",0,"9"
"249180260","ISTEBNA-KUBALONKA","2001","03","16",5.9,"",-1.3,"",1.9,"",.0,"8",.0,"9","",0,"9"
"249180260","ISTEBNA-KUBALONKA","2001","03","17",10.1,"",3.7,"",6.5,"",.0,"8",5.0,"","W",0,"9"
"249180260","ISTEBNA-KUBALONKA","2001","03","18",6.8,"",.4,"",2.5,"",.0,"8",6.8,"","W",0,"9"
"249180260","ISTEBNA-KUBALONKA","2001","03","19",6.1,"",1.1,"",3.2,"",.0,"8",9.0,"","W",0,"9"
"249180260","ISTEBNA-KUBALONKA","2001","03","20",1.4,"",-3.8,"",-2.4,"",.0,"8",1.1,"","S",0,"9"
"249180260","ISTEBNA-KUBALONKA","2001","03","21",.0,"",-7.2,"",-4.0,"",.0,"8",1.4,"","S",1,""
"249180260","ISTEBNA-KUBALONKA","2001","03","22",.5,"",-3.3,"",-1.3,"",.0,"8",2.7,"","S",2,""
"249180260","ISTEBNA-KUBALONKA","2001","03","23",1.2,"",-.6,"",.4,"",.0,"8",6.5,"","W",0,"9"
"249180260","ISTEBNA-KUBALONKA","2001","03","24",6.3,"",-.4,"",3.2,"",.0,"8",7.3,"","W",0,"9"
"249180260","ISTEBNA-KUBALONKA","2001","03","25",7.4,"",3.1,"",5.2,"",.0,"8",7.4,"","W",0,"9"
"249180260","ISTEBNA-KUBALONKA","2001","03","26",3.2,"",-3.2,"",-1.0,"",.0,"8",2.0,"","S",0,"9"
"249180260","ISTEBNA-KUBALONKA","2001","03","27",-3.0,"",-6.0,"",-5.2,"",.0,"8",.0,"9","",0,"9"
"249180260","ISTEBNA-KUBALONKA","2001","03","28",-3.8,"",-6.6,"",-5.4,"",.0,"8",.0,"9","",0,"9"
"249180260","ISTEBNA-KUBALONKA","2001","03","29",3.6,"",-6.2,"",-1.4,"",.0,"8",.0,"9","",0,"9"
"249180260","ISTEBNA-KUBALONKA","2001","03","30",11.0,"",.6,"",5.7,"",.0,"8",.0,"9","",0,"9"
"249180260","ISTEBNA-KUBALONKA","2001","03","31",7.2,"",3.7,"",5.2,"",.0,"8",2.3,"","W",0,"9"
"249190090","INWA£D","2001","03","01",3.6,"",-1.5,"",.7,"",.0,"8",.0,"9","",5,""
"249190090","INWA£D","2001","03","02",4.8,"",-1.6,"",.8,"",.0,"8",.8,"","S",1,""
"249190090","INWA£D","2001","03","03",3.0,"",-2.1,"",.3,"",.0,"8",.7,"","S",1,""
"249190090","INWA£D","2001","03","04",7.0,"",.0,"",3.6,"",.0,"8",1.3,"","W",0,"9"
"249190090","INWA£D","2001","03","05",7.0,"",.0,"",2.5,"",.0,"8",7.4,"","W",0,"9"
"249190090","INWA£D","2001","03","06",4.2,"",-2.3,"",.0,"",.0,"8",.0,"9","",0,"9"
"249190090","INWA£D","2001","03","07",10.9,"",-3.1,"",2.5,"",.0,"8",.0,"9","",0,"9"
"249190090","INWA£D","2001","03","08",11.5,"",.9,"",5.6,"",.0,"8",.0,"9","",0,"9"
"249190090","INWA£D","2001","03","09",14.6,"",2.7,"",7.7,"",.0,"8",2.1,"","W",0,"9"
"249190090","INWA£D","2001","03","10",11.9,"",6.7,"",8.7,"",.0,"8",1.3,"","W",0,"9"
"249190090","INWA£D","2001","03","11",11.8,"",7.7,"",9.3,"",.0,"8",.0,"9","",0,"9"
"249190090","INWA£D","2001","03","12",14.8,"",8.3,"",11.1,"",.0,"8",.0,"9","",0,"9"
"249190090","INWA£D","2001","03","13",12.6,"",6.1,"",9.1,"",.0,"8",2.4,"","W",0,"9"
"249190090","INWA£D","2001","03","14",9.8,"",4.0,"",6.0,"",.0,"8",.5,"","W",0,"9"
"249190090","INWA£D","2001","03","15",9.3,"",3.1,"",4.9,"",.0,"8",4.8,"","W",0,"9"
"249190090","INWA£D","2001","03","16",9.8,"",1.1,"",5.5,"",.0,"8",.0,"9","",0,"9"
"249190090","INWA£D","2001","03","17",10.1,"",4.0,"",6.3,"",.0,"8",6.1,"","W",0,"9"
"249190090","INWA£D","2001","03","18",4.3,"",.7,"",1.9,"",.0,"8",.4,"","W",0,"9"
"249190090","INWA£D","2001","03","19",12.1,"",-.5,"",3.8,"",.0,"8",5.5,"","W",0,"9"
"249190090","INWA£D","2001","03","20",4.1,"",-2.5,"",.3,"",.0,"8",1.6,"","S",0,"9"
"249190090","INWA£D","2001","03","21",.9,"",-3.7,"",-1.8,"",.0,"8",.0,"","W",0,""
"249190090","INWA£D","2001","03","22",5.2,"",-3.7,"",.7,"",.0,"8",.6,"","W",0,"9"
"249190090","INWA£D","2001","03","23",4.8,"",3.2,"",3.9,"",.0,"8",3.3,"","W",0,"9"
"249190090","INWA£D","2001","03","24",11.5,"",-.1,"",4.8,"",.0,"8",6.6,"","W",0,"9"
"249190090","INWA£D","2001","03","25",7.6,"",2.5,"",4.1,"",.0,"8",6.8,"","S",0,"9"
"249190090","INWA£D","2001","03","26",2.5,"",-1.5,"",-.2,"",.0,"8",3.8,"","S",0,""
"249190090","INWA£D","2001","03","27",-1.1,"",-4.3,"",-2.8,"",.0,"8",.0,"9","",0,"9"
"249190090","INWA£D","2001","03","28",-1.6,"",-3.5,"",-2.6,"",.0,"8",.0,"","W",0,"9"
"249190090","INWA£D","2001","03","29",7.0,"",-5.3,"",1.3,"",.0,"8",.0,"9","",0,"9"
"249190090","INWA£D","2001","03","30",14.2,"",-.3,"",6.5,"",.0,"8",.0,"9","",0,"9"
"249190090","INWA£D","2001","03","31",11.0,"",2.0,"",6.9,"",.0,"8",2.9,"","W",0,"9"
"249190130","MIÊDZYBRODZIE BIALSKIE","2001","03","01",5.8,"",.6,"",2.8,"",.0,"8",.8,"","W",13,""
"249190130","MIÊDZYBRODZIE BIALSKIE","2001","03","02",5.8,"",-4.1,"",.4,"",.0,"8",.1,"","S",12,""
"249190130","MIÊDZYBRODZIE BIALSKIE","2001","03","03",3.8,"",-1.9,"",.9,"",.0,"8",.4,"","W",8,""
"249190130","MIÊDZYBRODZIE BIALSKIE","2001","03","04",10.3,"",.1,"",4.5,"",.0,"8",1.3,"","W",5,""
"249190130","MIÊDZYBRODZIE BIALSKIE","2001","03","05",7.4,"",.0,"",2.6,"",.0,"8",9.0,"","S",3,""
"249190130","MIÊDZYBRODZIE BIALSKIE","2001","03","06",5.0,"",-2.2,"",.3,"",.0,"8",.0,"9","",4,""
"249190130","MIÊDZYBRODZIE BIALSKIE","2001","03","07",11.6,"",-5.2,"",1.8,"",.0,"8",.0,"9","",0,"9"
"249190130","MIÊDZYBRODZIE BIALSKIE","2001","03","08",13.1,"",2.5,"",7.9,"",.0,"8",.0,"9","",0,"9"
"249190130","MIÊDZYBRODZIE BIALSKIE","2001","03","09",15.0,"",3.0,"",9.5,"",.0,"8",1.7,"","W",0,"9"
"249190130","MIÊDZYBRODZIE BIALSKIE","2001","03","10",11.8,"",5.4,"",7.6,"",.0,"8",2.7,"","W",0,"9"
"249190130","MIÊDZYBRODZIE BIALSKIE","2001","03","11",12.0,"",3.6,"",8.2,"",.0,"8",.2,"","W",0,"9"
"249190130","MIÊDZYBRODZIE BIALSKIE","2001","03","12",14.8,"",4.4,"",9.8,"",.0,"8",.0,"9","",0,"9"
"249190130","MIÊDZYBRODZIE BIALSKIE","2001","03","13",14.1,"",6.0,"",9.8,"",.0,"8",3.5,"","W",0,"9"
"249190130","MIÊDZYBRODZIE BIALSKIE","2001","03","14",10.5,"",.5,"",5.3,"",.0,"8",.1,"","W",0,"9"
"249190130","MIÊDZYBRODZIE BIALSKIE","2001","03","15",10.0,"",1.1,"",4.6,"",.0,"8",4.2,"","W",0,"9"
"249190130","MIÊDZYBRODZIE BIALSKIE","2001","03","16",11.1,"",.0,"",5.1,"",.0,"8",.2,"","W",0,"9"
"249190130","MIÊDZYBRODZIE BIALSKIE","2001","03","17",12.0,"",5.1,"",7.4,"",.0,"8",3.5,"","W",0,"9"
"249190130","MIÊDZYBRODZIE BIALSKIE","2001","03","18",5.7,"",1.8,"",3.2,"",.0,"8",3.9,"","W",0,"9"
"249190130","MIÊDZYBRODZIE BIALSKIE","2001","03","19",14.5,"",.1,"",6.5,"",.0,"8",7.2,"","S",0,"9"
"249190130","MIÊDZYBRODZIE BIALSKIE","2001","03","20",7.0,"",-2.0,"",1.2,"",.0,"8",1.6,"","S",0,"9"
"249190130","MIÊDZYBRODZIE BIALSKIE","2001","03","21",1.7,"",-5.1,"",-1.9,"",.0,"8",.9,"","S",0,""
"249190130","MIÊDZYBRODZIE BIALSKIE","2001","03","22",6.2,"",-2.1,"",1.9,"",.0,"8",1.0,"","W",2,""
"249190130","MIÊDZYBRODZIE BIALSKIE","2001","03","23",5.0,"",3.0,"",4.0,"",.0,"8",5.8,"","W",0,"9"
"249190130","MIÊDZYBRODZIE BIALSKIE","2001","03","24",12.0,"",.9,"",6.5,"",.0,"8",11.3,"","W",0,"9"
"249190130","MIÊDZYBRODZIE BIALSKIE","2001","03","25",10.6,"",3.0,"",6.0,"",.0,"8",6.7,"","S",0,"9"
"249190130","MIÊDZYBRODZIE BIALSKIE","2001","03","26",3.4,"",-1.4,"",.4,"",.0,"8",2.4,"","S",0,"9"
"249190130","MIÊDZYBRODZIE BIALSKIE","2001","03","27",.0,"",-3.1,"",-1.9,"",.0,"8",.1,"","S",0,""
"249190130","MIÊDZYBRODZIE BIALSKIE","2001","03","28",-.3,"",-3.0,"",-1.7,"",.0,"8",.1,"","S",0,"9"
"249190130","MIÊDZYBRODZIE BIALSKIE","2001","03","29",8.8,"",-6.0,"",1.8,"",.0,"8",.0,"9","",0,"9"
"249190130","MIÊDZYBRODZIE BIALSKIE","2001","03","30",15.4,"",-1.2,"",7.7,"",.0,"8",.0,"9","",0,"9"
"249190130","MIÊDZYBRODZIE BIALSKIE","2001","03","31",12.4,"",3.5,"",7.3,"",.0,"8",2.7,"","W",0,"9"
"249190190","MAKÓW PODHALAÑSKI","2001","03","01",5.5,"",-1.6,"",.9,"",.0,"8",2.8,"","W",9,""
"249190190","MAKÓW PODHALAÑSKI","2001","03","02",5.4,"",-5.2,"",-2.1,"",.0,"8",.0,"9","",9,""
"249190190","MAKÓW PODHALAÑSKI","2001","03","03",5.4,"",-4.0,"",1.0,"",.0,"8",.0,"9","",8,""
"249190190","MAKÓW PODHALAÑSKI","2001","03","04",10.8,"",.5,"",5.5,"",.0,"8",1.8,"","W",3,""
"249190190","MAKÓW PODHALAÑSKI","2001","03","05",6.2,"",.8,"",2.4,"",.0,"8",5.8,"","W",0,"9"
"249190190","MAKÓW PODHALAÑSKI","2001","03","06",5.9,"",-2.3,"",1.0,"",.0,"8",.0,"9","",0,"9"
"249190190","MAKÓW PODHALAÑSKI","2001","03","07",12.4,"",-6.9,"",1.2,"",.0,"8",.0,"9","",0,"9"
"249190190","MAKÓW PODHALAÑSKI","2001","03","08",13.0,"",-2.7,"",4.2,"",.0,"8",.0,"9","",0,"9"
"249190190","MAKÓW PODHALAÑSKI","2001","03","09",15.8,"",-.7,"",7.0,"",.0,"8",4.2,"","W",0,"9"
"249190190","MAKÓW PODHALAÑSKI","2001","03","10",12.5,"",4.7,"",7.5,"",.0,"8",1.2,"","W",0,"9"
"249190190","MAKÓW PODHALAÑSKI","2001","03","11",12.6,"",.0,"",6.7,"",.0,"8",.0,"9","",0,"9"
"249190190","MAKÓW PODHALAÑSKI","2001","03","12",16.5,"",.8,"",7.9,"",.0,"8",.0,"9","",0,"9"
"249190190","MAKÓW PODHALAÑSKI","2001","03","13",13.0,"",4.7,"",8.3,"",.0,"8",4.7,"","W",0,"9"
"249190190","MAKÓW PODHALAÑSKI","2001","03","14",9.8,"",-.8,"",3.4,"",.0,"8",1.0,"","W",0,"9"
"249190190","MAKÓW PODHALAÑSKI","2001","03","15",10.5,"",-3.0,"",2.9,"",.0,"8",5.0,"","W",0,"9"
"249190190","MAKÓW PODHALAÑSKI","2001","03","16",11.2,"",2.1,"",6.0,"",.0,"8",.0,"9","",0,"9"
"249190190","MAKÓW PODHALAÑSKI","2001","03","17",14.1,"",2.0,"",7.4,"",.0,"8",1.8,"","W",0,"9"
"249190190","MAKÓW PODHALAÑSKI","2001","03","18",10.0,"",2.0,"",4.7,"",.0,"8",2.8,"","W",0,"9"
"249190190","MAKÓW PODHALAÑSKI","2001","03","19",14.0,"",-1.2,"",5.5,"",.0,"8",7.8,"","W",0,"9"
"249190190","MAKÓW PODHALAÑSKI","2001","03","20",6.6,"",-1.5,"",1.1,"",.0,"8",.5,"","S",0,"9"
"249190190","MAKÓW PODHALAÑSKI","2001","03","21",2.0,"",-5.2,"",-1.9,"",.0,"8",.0,"9","",0,"9"
"249190190","MAKÓW PODHALAÑSKI","2001","03","22",7.1,"",-3.7,"",2.4,"",.0,"8",1.2,"","W",0,"9"
"249190190","MAKÓW PODHALAÑSKI","2001","03","23",6.2,"",2.9,"",4.0,"",.0,"8",5.2,"","W",0,"9"
"249190190","MAKÓW PODHALAÑSKI","2001","03","24",13.0,"",.5,"",6.7,"",.0,"8",9.2,"","W",0,"9"
"249190190","MAKÓW PODHALAÑSKI","2001","03","25",11.6,"",3.7,"",6.6,"",.0,"8",5.8,"","W",0,"9"
"249190190","MAKÓW PODHALAÑSKI","2001","03","26",3.8,"",-1.0,"",.5,"",.0,"8",3.0,"","S",0,"9"
"249190190","MAKÓW PODHALAÑSKI","2001","03","27",-1.0,"",-3.0,"",-2.2,"",.0,"8",.0,"9","",0,"9"
"249190190","MAKÓW PODHALAÑSKI","2001","03","28",-.9,"",-3.0,"",-2.1,"",.0,"8",.0,"9","",0,"9"
"249190190","MAKÓW PODHALAÑSKI","2001","03","29",7.5,"",-7.1,"",.6,"",.0,"8",.0,"9","",0,"9"
"249190190","MAKÓW PODHALAÑSKI","2001","03","30",15.0,"",-2.2,"",5.7,"",.0,"8",.0,"9","",0,"9"
"249190190","MAKÓW PODHALAÑSKI","2001","03","31",13.0,"",1.0,"",5.8,"",.0,"8",3.0,"","W",0,"9"
"249190330","NOWY DWÓR","2001","03","01",4.7,"",-.1,"",2.4,"",-3.0,"",.2,"","W",23,""
"249190330","NOWY DWÓR","2001","03","02",3.6,"",-2.0,"",.5,"",-4.0,"",.0,"9","",16,""
"249190330","NOWY DWÓR","2001","03","03",6.2,"",-4.8,"",.9,"",-7.4,"",.5,"","W",12,""
"249190330","NOWY DWÓR","2001","03","04",9.3,"",-.1,"",3.9,"",-.1,"",1.5,"","W",9,""
"249190330","NOWY DWÓR","2001","03","05",5.9,"",-.4,"",2.2,"",-.6,"",4.3,"","S",0,"9"
"249190330","NOWY DWÓR","2001","03","06",6.1,"",-2.6,"",.5,"",-5.0,"",.0,"9","",1,""
"249190330","NOWY DWÓR","2001","03","07",10.1,"",-5.7,"",1.2,"",-7.3,"",.0,"9","",0,"9"
"249190330","NOWY DWÓR","2001","03","08",12.1,"",2.1,"",6.9,"",-3.0,"",.0,"9","",0,"9"
"249190330","NOWY DWÓR","2001","03","09",13.7,"",3.5,"",8.9,"",-.5,"",.8,"","W",0,"9"
"249190330","NOWY DWÓR","2001","03","10",10.8,"",5.0,"",7.2,"",3.9,"",2.3,"","W",0,"9"
"249190330","NOWY DWÓR","2001","03","11",10.8,"",4.8,"",8.0,"",2.5,"",.0,"9","",0,"9"
"249190330","NOWY DWÓR","2001","03","12",14.1,"",5.3,"",9.6,"",1.5,"",.0,"9","",0,"9"
"249190330","NOWY DWÓR","2001","03","13",12.5,"",6.4,"",9.3,"",5.4,"",3.8,"","W",0,"9"
"249190330","NOWY DWÓR","2001","03","14",9.3,"",1.5,"",5.1,"",-.6,"",.0,"","W",0,"9"
"249190330","NOWY DWÓR","2001","03","15",9.4,"",.0,"",4.2,"",-3.0,"",1.8,"","W",0,"9"
"249190330","NOWY DWÓR","2001","03","16",10.0,"",-.6,"",4.6,"",-3.4,"",.0,"9","",0,"9"
"249190330","NOWY DWÓR","2001","03","17",13.2,"",3.2,"",7.3,"",1.1,"",3.2,"","W",0,"9"
"249190330","NOWY DWÓR","2001","03","18",7.8,"",2.4,"",4.8,"",2.4,"",1.9,"","W",0,"9"
"249190330","NOWY DWÓR","2001","03","19",12.3,"",-.7,"",5.2,"",-2.3,"",6.6,"","W",0,"9"
"249190330","NOWY DWÓR","2001","03","20",6.3,"",-1.4,"",1.2,"",-3.9,"",.0,"","W",0,"9"
"249190330","NOWY DWÓR","2001","03","21",2.1,"",-5.4,"",-1.6,"",-6.6,"",1.3,"","S",0,"9"
"249190330","NOWY DWÓR","2001","03","22",6.2,"",-2.6,"",1.3,"",-3.6,"",.9,"","S",2,""
"249190330","NOWY DWÓR","2001","03","23",4.8,"",2.5,"",3.5,"",1.9,"",5.6,"","W",0,"9"
"249190330","NOWY DWÓR","2001","03","24",11.3,"",1.0,"",6.3,"",.6,"",3.6,"","W",0,"9"
"249190330","NOWY DWÓR","2001","03","25",10.4,"",4.2,"",6.8,"",4.2,"",7.3,"","W",0,"9"
"249190330","NOWY DWÓR","2001","03","26",4.7,"",-.8,"",1.1,"",-.9,"",1.5,"","S",0,"9"
"249190330","NOWY DWÓR","2001","03","27",-.4,"",-3.4,"",-2.1,"",-3.4,"",.0,"9","",0,"9"
"249190330","NOWY DWÓR","2001","03","28",-.4,"",-3.4,"",-1.9,"",-3.4,"",.0,"9","",0,"9"
"249190330","NOWY DWÓR","2001","03","29",8.3,"",-7.7,"",.2,"",-8.5,"",.0,"9","",0,"9"
"249190330","NOWY DWÓR","2001","03","30",15.6,"",.0,"",7.2,"",-2.7,"",.0,"9","",0,"9"
"249190330","NOWY DWÓR","2001","03","31",12.6,"",2.5,"",6.9,"",.9,"",1.9,"","W",0,"9"
"249190350","ZAWOJA","2001","03","01",4.0,"",-2.3,"",.8,"",-10.5,"",.6,"","W",36,""
"249190350","ZAWOJA","2001","03","02",4.0,"",-7.0,"",-2.4,"",-14.3,"",.0,"9","",30,""
"249190350","ZAWOJA","2001","03","03",6.0,"",-3.0,"",.9,"",-11.5,"",.8,"","W",30,""
"249190350","ZAWOJA","2001","03","04",9.0,"",-1.0,"",3.5,"",-3.9,"",3.1,"","W",27,""
"249190350","ZAWOJA","2001","03","05",6.5,"",-1.8,"",1.2,"",-4.4,"",5.7,"","S",20,""
"249190350","ZAWOJA","2001","03","06",3.8,"",-5.0,"",-1.8,"",-10.0,"",.0,"9","",18,""
"249190350","ZAWOJA","2001","03","07",8.0,"",-5.5,"",-.2,"",-11.5,"",.0,"9","",15,""
"249190350","ZAWOJA","2001","03","08",9.0,"",-.6,"",4.8,"",-6.9,"",.0,"9","",10,""
"249190350","ZAWOJA","2001","03","09",11.5,"",2.9,"",7.7,"",-2.0,"",3.4,"","W",0,"9"
"249190350","ZAWOJA","2001","03","10",9.2,"",3.9,"",6.0,"",-1.0,"",1.0,"","W",0,"9"
"249190350","ZAWOJA","2001","03","11",10.0,"",1.0,"",6.5,"",-5.4,"",.8,"","W",0,"9"
"249190350","ZAWOJA","2001","03","12",12.5,"",1.5,"",7.0,"",-4.4,"",.0,"9","",0,"9"
"249190350","ZAWOJA","2001","03","13",11.8,"",4.9,"",8.0,"",1.0,"",2.0,"","W",0,"9"
"249190350","ZAWOJA","2001","03","14",6.5,"",-1.0,"",1.9,"",-7.4,"",.0,"9","",0,"9"
"249190350","ZAWOJA","2001","03","15",7.0,"",-1.5,"",2.6,"",-10.5,"",4.6,"","W",0,"9"
"249190350","ZAWOJA","2001","03","16",8.0,"",-1.2,"",3.2,"",-6.9,"",.8,"","W",0,"9"
"249190350","ZAWOJA","2001","03","17",12.0,"",1.5,"",6.1,"",-5.6,"",3.1,"","W",0,"9"
"249190350","ZAWOJA","2001","03","18",8.0,"",1.0,"",3.6,"",-2.0,"",3.2,"","W",0,"9"
"249190350","ZAWOJA","2001","03","19",11.5,"",.0,"",4.4,"",-5.9,"",5.9,"","S",0,"9"
"249190350","ZAWOJA","2001","03","20",3.9,"",-4.2,"",-1.7,"",-6.4,"",1.1,"","S",0,""
"249190350","ZAWOJA","2001","03","21",1.0,"",-9.0,"",-4.5,"",-16.3,"",1.6,"","S",0,""
"249190350","ZAWOJA","2001","03","22",4.5,"",-4.0,"",-.2,"",-10.0,"",.2,"","W",0,""
"249190350","ZAWOJA","2001","03","23",3.0,"",1.4,"",2.2,"",-2.5,"",6.3,"","S",0,"9"
"249190350","ZAWOJA","2001","03","24",10.2,"",.0,"",5.0,"",-3.5,"",5.2,"","W",0,""
"249190350","ZAWOJA","2001","03","25",9.5,"",3.9,"",6.2,"",1.5,"",9.7,"","W",0,"9"
"249190350","ZAWOJA","2001","03","26",4.0,"",-2.5,"",-.5,"",-3.5,"",4.4,"","S",0,"9"
"249190350","ZAWOJA","2001","03","27",-2.0,"",-5.5,"",-4.5,"",-8.5,"",.0,"9","",0,""
"249190350","ZAWOJA","2001","03","28",-3.1,"",-6.0,"",-4.6,"",-9.5,"",.0,"9","",0,""
"249190350","ZAWOJA","2001","03","29",6.5,"",-9.0,"",-1.8,"",-15.8,"",.0,"9","",0,""
"249190350","ZAWOJA","2001","03","30",12.5,"",-.5,"",6.3,"",-7.4,"",.0,"9","",0,"9"
"249190350","ZAWOJA","2001","03","31",11.0,"",.5,"",5.1,"",-5.9,"",10.1,"","W",0,"9"
"249190370","RABKA","2001","03","01",3.0,"",-4.9,"",-.8,"",.0,"8",1.8,"","W",16,""
"249190370","RABKA","2001","03","02",8.0,"",-7.1,"",-1.6,"",.0,"8",.0,"9","",12,""
"249190370","RABKA","2001","03","03",7.5,"",-3.7,"",1.4,"",.0,"8",.3,"","W",11,""
"249190370","RABKA","2001","03","04",10.0,"",.2,"",4.4,"",.0,"8",1.6,"","W",10,""
"249190370","RABKA","2001","03","05",6.5,"",.2,"",2.6,"",.0,"8",7.1,"","S",0,"9"
"249190370","RABKA","2001","03","06",5.5,"",-4.1,"",.2,"",.0,"8",.0,"9","",0,"9"
"249190370","RABKA","2001","03","07",10.0,"",-7.2,"",-.7,"",.0,"8",.0,"9","",0,"9"
"249190370","RABKA","2001","03","08",10.0,"",-3.1,"",2.5,"",.0,"8",.0,"9","",0,"9"
"249190370","RABKA","2001","03","09",14.0,"",.2,"",5.6,"",.0,"8",1.0,"","W",0,"9"
"249190370","RABKA","2001","03","10",12.5,"",2.7,"",6.0,"",.0,"8",.0,"","W",0,"9"
"249190370","RABKA","2001","03","11",12.0,"",-.2,"",6.1,"",.0,"8",.0,"9","",0,"9"
"249190370","RABKA","2001","03","12",14.5,"",1.2,"",7.3,"",.0,"8",.0,"9","",0,"9"
"249190370","RABKA","2001","03","13",11.0,"",5.7,"",7.3,"",.0,"8",5.0,"","W",0,"9"
"249190370","RABKA","2001","03","14",11.0,"",-.2,"",3.9,"",.0,"8",.8,"","S",0,"9"
"249190370","RABKA","2001","03","15",10.2,"",-1.2,"",3.8,"",.0,"8",6.3,"","W",0,""
"249190370","RABKA","2001","03","16",9.0,"",.2,"",4.8,"",.0,"8",.0,"","W",0,"9"
"249190370","RABKA","2001","03","17",11.5,"",1.6,"",5.9,"",.0,"8",2.0,"","W",0,"9"
"249190370","RABKA","2001","03","18",7.0,"",2.2,"",4.3,"",.0,"8",2.0,"","W",0,"9"
"249190370","RABKA","2001","03","19",11.0,"",-.9,"",4.0,"",.0,"8",2.1,"","S",0,"9"
"249190370","RABKA","2001","03","20",3.5,"",-2.2,"",.1,"",.0,"8",.1,"","S",0,""
"249190370","RABKA","2001","03","21",6.5,"",-6.1,"",-.3,"",.0,"8",.8,"","S",0,""
"249190370","RABKA","2001","03","22",8.0,"",-4.2,"",1.7,"",.0,"8",.2,"","W",0,"9"
"249190370","RABKA","2001","03","23",6.5,"",1.4,"",3.6,"",.0,"8",4.6,"","S",0,"9"
"249190370","RABKA","2001","03","24",11.0,"",.3,"",5.5,"",.0,"8",6.8,"","W",0,""
"249190370","RABKA","2001","03","25",8.5,"",3.9,"",6.0,"",.0,"8",8.6,"","W",0,"9"
"249190370","RABKA","2001","03","26",4.5,"",-1.4,"",1.0,"",.0,"8",3.2,"","S",0,"9"
"249190370","RABKA","2001","03","27",-.5,"",-4.7,"",-2.8,"",.0,"8",.2,"","S",0,""
"249190370","RABKA","2001","03","28",-1.5,"",-4.2,"",-2.6,"",.0,"8",.4,"","S",0,""
"249190370","RABKA","2001","03","29",8.0,"",-7.7,"",-.7,"",.0,"8",.0,"9","",0,""
"249190370","RABKA","2001","03","30",14.5,"",-2.1,"",4.5,"",.0,"8",.0,"9","",0,"9"
"249190370","RABKA","2001","03","31",14.0,"",-.9,"",6.6,"",.0,"8",.4,"","W",0,"9"
"249190480","LALIKI","2001","03","01",2.0,"",-5.1,"",-1.1,"",.0,"8",.3,"","S",50,""
"249190480","LALIKI","2001","03","02",1.2,"",-4.1,"",-2.1,"",.0,"8",.4,"","S",45,""
"249190480","LALIKI","2001","03","03",2.0,"",-3.0,"",-.6,"",.0,"8",1.8,"","W",40,""
"249190480","LALIKI","2001","03","04",6.7,"",-2.0,"",1.4,"",.0,"8",1.9,"","W",36,""
"249190480","LALIKI","2001","03","05",3.9,"",-1.8,"",.6,"",.0,"8",3.4,"","S",29,""
"249190480","LALIKI","2001","03","06",2.2,"",-4.3,"",-1.8,"",.0,"8",.0,"9","",26,""
"249190480","LALIKI","2001","03","07",6.7,"",-2.8,"",1.2,"",.0,"8",.0,"9","",22,""
"249190480","LALIKI","2001","03","08",7.2,"",1.0,"",3.7,"",.0,"8",.0,"9","",20,""
"249190480","LALIKI","2001","03","09",10.2,"",1.8,"",5.8,"",.0,"8",2.6,"","W",17,""
"249190480","LALIKI","2001","03","10",8.1,"",3.7,"",5.5,"",.0,"8",3.3,"","W",10,""
"249190480","LALIKI","2001","03","11",7.1,"",2.0,"",4.6,"",.0,"8",3.1,"","W",6,""
"249190480","LALIKI","2001","03","12",12.3,"",4.0,"",7.3,"",.0,"8",.0,"","W",0,"9"
"249190480","LALIKI","2001","03","13",8.0,"",4.6,"",6.3,"",.0,"8",4.4,"","W",0,"9"
"249190480","LALIKI","2001","03","14",7.1,"",.1,"",2.7,"",.0,"8",.3,"","S",0,"9"
"249190480","LALIKI","2001","03","15",6.3,"",-1.0,"",2.1,"",.0,"8",3.2,"","W",0,"9"
"249190480","LALIKI","2001","03","16",7.3,"",-1.2,"",2.5,"",.0,"8",.0,"","W",0,"9"
"249190480","LALIKI","2001","03","17",10.2,"",2.0,"",5.5,"",.0,"8",3.2,"","S",0,"9"
"249190480","LALIKI","2001","03","18",6.0,"",1.7,"",2.9,"",.0,"8",1.8,"","S",0,"9"
"249190480","LALIKI","2001","03","19",6.3,"",1.3,"",3.7,"",.0,"8",10.2,"","W",0,"9"
"249190480","LALIKI","2001","03","20",3.0,"",-3.1,"",-1.5,"",.0,"8",.0,"","W",0,"9"
"249190480","LALIKI","2001","03","21",.3,"",-7.3,"",-3.8,"",.0,"8",1.4,"","S",0,"9"
"249190480","LALIKI","2001","03","22",2.7,"",-3.4,"",-.7,"",.0,"8",2.8,"","S",2,""
"249190480","LALIKI","2001","03","23",3.3,"",.0,"",1.4,"",.0,"8",8.0,"","S",0,""
"249190480","LALIKI","2001","03","24",8.3,"",.2,"",4.2,"",.0,"8",7.1,"","W",2,""
"249190480","LALIKI","2001","03","25",8.3,"",4.8,"",6.3,"",.0,"8",11.4,"","S",0,"9"
"249190480","LALIKI","2001","03","26",5.4,"",-1.2,"",.9,"",.0,"8",2.6,"","S",0,"9"
"249190480","LALIKI","2001","03","27",-1.1,"",-5.4,"",-4.1,"",.0,"8",.0,"9","",0,""
"249190480","LALIKI","2001","03","28",-1.8,"",-6.2,"",-4.2,"",.0,"8",.0,"","W",0,""
"249190480","LALIKI","2001","03","29",7.2,"",-7.2,"",-.2,"",.0,"8",.0,"9","",0,""
"249190480","LALIKI","2001","03","30",12.2,"",2.0,"",6.9,"",.0,"8",.0,"9","",0,"9"
"249190480","LALIKI","2001","03","31",8.3,"",2.8,"",5.3,"",.0,"8",2.8,"","W",0,"9"
"249190520","OBIDOWA","2001","03","01",2.2,"",-5.6,"",-1.6,"",.0,"8",1.2,"","S",24,""
"249190520","OBIDOWA","2001","03","02",2.3,"",-6.0,"",-2.6,"",.0,"8",.0,"9","",22,""
"249190520","OBIDOWA","2001","03","03",2.8,"",-7.1,"",-1.3,"",.0,"8",.5,"","W",18,""
"249190520","OBIDOWA","2001","03","04",7.9,"",-1.1,"",2.8,"",.0,"8",1.8,"","S",12,""
"249190520","OBIDOWA","2001","03","05",3.9,"",-3.5,"",-.4,"",.0,"8",3.7,"","S",1,""
"249190520","OBIDOWA","2001","03","06",2.5,"",-6.1,"",-2.1,"",.0,"8",.0,"9","",2,""
"249190520","OBIDOWA","2001","03","07",6.9,"",-5.6,"",.6,"",.0,"8",.0,"9","",1,""
"249190520","OBIDOWA","2001","03","08",6.7,"",-3.5,"",1.6,"",.0,"8",.0,"9","",0,"9"
"249190520","OBIDOWA","2001","03","09",10.5,"",-1.0,"",4.3,"",.0,"8",.7,"","W",0,"9"
"249190520","OBIDOWA","2001","03","10",8.6,"",1.8,"",4.5,"",.0,"8",.0,"9","",0,"9"
"249190520","OBIDOWA","2001","03","11",9.0,"",.8,"",4.7,"",.0,"8",.0,"9","",0,"9"
"249190520","OBIDOWA","2001","03","12",11.9,"",2.4,"",6.5,"",.0,"8",.0,"9","",0,"9"
"249190520","OBIDOWA","2001","03","13",9.5,"",3.5,"",6.1,"",.0,"8",6.3,"","W",0,"9"
"249190520","OBIDOWA","2001","03","14",5.4,"",-.4,"",2.2,"",.0,"8",.0,"","W",0,"9"
"249190520","OBIDOWA","2001","03","15",6.1,"",-1.4,"",1.7,"",.0,"8",2.8,"","W",0,"9"
"249190520","OBIDOWA","2001","03","16",6.9,"",-.9,"",2.6,"",.0,"8",.0,"9","",0,"9"
"249190520","OBIDOWA","2001","03","17",10.9,"",1.8,"",5.7,"",.0,"8",2.7,"","W",0,"9"
"249190520","OBIDOWA","2001","03","18",6.8,"",-1.1,"",2.1,"",.0,"8",1.9,"","S",0,"9"
"249190520","OBIDOWA","2001","03","19",9.1,"",-.2,"",3.3,"",.0,"8",2.3,"","S",0,"9"
"249190520","OBIDOWA","2001","03","20",3.3,"",-5.2,"",-2.5,"",.0,"8",.2,"","S",0,""
"249190520","OBIDOWA","2001","03","21",-.5,"",-8.0,"",-4.4,"",.0,"8",.8,"","S",0,""
"249190520","OBIDOWA","2001","03","22",3.8,"",-5.5,"",-1.2,"",.0,"8",.6,"","W",1,""
"249190520","OBIDOWA","2001","03","23",2.0,"",-.4,"",.8,"",.0,"8",5.4,"","S",0,"9"
"249190520","OBIDOWA","2001","03","24",8.0,"",-1.4,"",3.8,"",.0,"8",5.7,"","W",1,""
"249190520","OBIDOWA","2001","03","25",7.8,"",2.8,"",5.1,"",.0,"8",11.0,"","W",0,"9"
"249190520","OBIDOWA","2001","03","26",3.4,"",-4.6,"",-1.8,"",.0,"8",4.6,"","S",0,"9"
"249190520","OBIDOWA","2001","03","27",-3.9,"",-7.0,"",-5.7,"",.0,"8",.1,"","S",0,""
"249190520","OBIDOWA","2001","03","28",-5.2,"",-7.9,"",-6.4,"",.0,"8",.2,"","S",0,""
"249190520","OBIDOWA","2001","03","29",5.2,"",-7.5,"",-1.7,"",.0,"8",.0,"9","",0,""
"249190520","OBIDOWA","2001","03","30",10.4,"",-2.5,"",3.4,"",.0,"8",.0,"9","",0,"9"
"249190520","OBIDOWA","2001","03","31",9.4,"",.6,"",4.7,"",.0,"8",.0,"9","",0,"9"
"249190560","JAB£ONKA","2001","03","01",3.7,"",-9.8,"",-3.0,"",.0,"8",.1,"","S",20,""
"249190560","JAB£ONKA","2001","03","02",3.4,"",-10.0,"",-4.5,"",.0,"8",.5,"","S",16,""
"249190560","JAB£ONKA","2001","03","03",3.8,"",-10.2,"",-2.3,"",.0,"8",.4,"","S",16,""
"249190560","JAB£ONKA","2001","03","04",8.2,"",.2,"",3.2,"",.0,"8",2.6,"","W",14,""
"249190560","JAB£ONKA","2001","03","05",3.7,"",-1.2,"",.9,"",.0,"8",3.8,"","S",10,""
"249190560","JAB£ONKA","2001","03","06",3.2,"",-4.7,"",-1.8,"",.0,"8",.0,"9","",10,""
"249190560","JAB£ONKA","2001","03","07",7.6,"",-9.9,"",-2.9,"",.0,"8",.0,"9","",9,""
"249190560","JAB£ONKA","2001","03","08",8.4,"",-3.1,"",2.0,"",.0,"8",.0,"9","",7,""
"249190560","JAB£ONKA","2001","03","09",10.6,"",-2.6,"",3.7,"",.0,"8",1.1,"","W",0,"9"
"249190560","JAB£ONKA","2001","03","10",7.7,"",1.7,"",3.7,"",.0,"8",.0,"9","",0,"9"
"249190560","JAB£ONKA","2001","03","11",10.1,"",-2.1,"",3.6,"",.0,"8",.0,"","W",0,"9"
"249190560","JAB£ONKA","2001","03","12",11.2,"",-1.1,"",4.8,"",.0,"8",.0,"9","",0,"9"
"249190560","JAB£ONKA","2001","03","13",9.4,"",1.2,"",4.7,"",.0,"8",3.4,"","W",0,"9"
"249190560","JAB£ONKA","2001","03","14",7.1,"",-1.4,"",1.9,"",.0,"8",1.4,"","S",0,"9"
"249190560","JAB£ONKA","2001","03","15",7.7,"",-3.3,"",1.9,"",.0,"8",.7,"","W",0,"9"
"249190560","JAB£ONKA","2001","03","16",8.4,"",-2.3,"",2.6,"",.0,"8",.1,"","W",0,"9"
"249190560","JAB£ONKA","2001","03","17",11.7,"",-.3,"",4.6,"",.0,"8",1.6,"","W",0,"9"
"249190560","JAB£ONKA","2001","03","18",7.1,"",2.7,"",4.1,"",.0,"8",1.4,"","W",0,"9"
"249190560","JAB£ONKA","2001","03","19",11.1,"",-2.1,"",3.7,"",.0,"8",3.9,"","S",0,"9"
"249190560","JAB£ONKA","2001","03","20",4.3,"",-2.6,"",-.6,"",.0,"8",.1,"","S",0,"9"
"249190560","JAB£ONKA","2001","03","21",1.8,"",-6.1,"",-2.7,"",.0,"8",.8,"","S",0,"9"
"249190560","JAB£ONKA","2001","03","22",3.8,"",-3.1,"",-.2,"",.0,"8",.9,"","W",2,""
"249190560","JAB£ONKA","2001","03","23",4.1,"",.5,"",2.4,"",.0,"8",4.8,"","S",0,"9"
"249190560","JAB£ONKA","2001","03","24",9.2,"",.1,"",4.2,"",.0,"8",5.5,"","W",2,""
"249190560","JAB£ONKA","2001","03","25",9.1,"",5.4,"",6.7,"",.0,"8",11.5,"","W",0,"9"
"249190560","JAB£ONKA","2001","03","26",6.3,"",-2.4,"",.5,"",.0,"8",1.1,"","S",0,"9"
"249190560","JAB£ONKA","2001","03","27",-2.0,"",-5.1,"",-3.9,"",.0,"8",.1,"","S",0,"9"
"249190560","JAB£ONKA","2001","03","28",-2.3,"",-5.3,"",-4.0,"",.0,"8",.1,"","S",0,""
"249190560","JAB£ONKA","2001","03","29",4.8,"",-9.1,"",-2.8,"",.0,"8",.0,"9","",0,"9"
"249190560","JAB£ONKA","2001","03","30",12.8,"",-5.6,"",2.2,"",.0,"8",.0,"9","",0,"9"
"249190560","JAB£ONKA","2001","03","31",11.8,"",-3.3,"",3.8,"",.0,"8",.1,"","W",0,"9"
"249190670","POLANA CHOCHO£OWSKA","2001","03","01",2.4,"",-5.7,"",-1.7,"",.0,"8",1.1,"","S",50,""
"249190670","POLANA CHOCHO£OWSKA","2001","03","02",1.9,"",-9.6,"",-4.5,"",.0,"8",1.1,"","S",43,""
"249190670","POLANA CHOCHO£OWSKA","2001","03","03",6.9,"",-6.2,"",.5,"",.0,"8",.9,"","S",44,""
"249190670","POLANA CHOCHO£OWSKA","2001","03","04",7.5,"",-.2,"",4.0,"",.0,"8",3.6,"","S",35,""
"249190670","POLANA CHOCHO£OWSKA","2001","03","05",4.4,"",-6.2,"",-2.0,"",.0,"8",6.1,"","S",20,""
"249190670","POLANA CHOCHO£OWSKA","2001","03","06",.9,"",-6.4,"",-4.1,"",.0,"8",.0,"9","",25,""
"249190670","POLANA CHOCHO£OWSKA","2001","03","07",6.0,"",-6.7,"",-.9,"",.0,"8",.0,"9","",23,""
"249190670","POLANA CHOCHO£OWSKA","2001","03","08",6.6,"",-3.8,"",1.7,"",.0,"8",.0,"9","",20,""
"249190670","POLANA CHOCHO£OWSKA","2001","03","09",9.9,"",2.1,"",5.6,"",.0,"8",1.0,"","W",15,""
"249190670","POLANA CHOCHO£OWSKA","2001","03","10",6.4,"",.3,"",2.4,"",.0,"8",.1,"","W",9,""
"249190670","POLANA CHOCHO£OWSKA","2001","03","11",9.0,"",-.4,"",3.5,"",.0,"8",.0,"","W",5,""
"249190670","POLANA CHOCHO£OWSKA","2001","03","12",9.9,"",.8,"",4.7,"",.0,"8",.0,"9","",4,""
"249190670","POLANA CHOCHO£OWSKA","2001","03","13",9.5,"",1.1,"",4.8,"",.0,"8",6.9,"","S",0,"9"
"249190670","POLANA CHOCHO£OWSKA","2001","03","14",3.5,"",-3.2,"",-.6,"",.0,"8",.2,"","S",4,""
"249190670","POLANA CHOCHO£OWSKA","2001","03","15",4.4,"",-3.7,"",.3,"",.0,"8",3.6,"","S",0,"9"
"249190670","POLANA CHOCHO£OWSKA","2001","03","16",6.7,"",-5.2,"",.4,"",.0,"8",.0,"9","",4,""
"249190670","POLANA CHOCHO£OWSKA","2001","03","17",9.5,"",-.7,"",4.1,"",.0,"8",2.8,"","W",0,"9"
"249190670","POLANA CHOCHO£OWSKA","2001","03","18",8.0,"",-.2,"",3.3,"",.0,"8",4.0,"","W",0,"9"
"249190670","POLANA CHOCHO£OWSKA","2001","03","19",9.5,"",-.4,"",3.5,"",.0,"8",3.1,"","S",0,"9"
"249190670","POLANA CHOCHO£OWSKA","2001","03","20",4.3,"",-6.3,"",-3.6,"",.0,"8",.0,"","W",0,"9"
"249190670","POLANA CHOCHO£OWSKA","2001","03","21",.5,"",-8.9,"",-4.6,"",.0,"8",1.7,"","S",0,"9"
"249190670","POLANA CHOCHO£OWSKA","2001","03","22",3.2,"",-4.7,"",-1.1,"",.0,"8",2.1,"","S",2,""
"249190670","POLANA CHOCHO£OWSKA","2001","03","23",3.3,"",-1.8,"",.6,"",.0,"8",4.2,"","S",1,""
"249190670","POLANA CHOCHO£OWSKA","2001","03","24",6.3,"",-.2,"",2.6,"",.0,"8",7.0,"","W",0,"9"
"249190670","POLANA CHOCHO£OWSKA","2001","03","25",6.3,"",1.7,"",3.3,"",.0,"8",12.4,"","W",0,"9"
"249190670","POLANA CHOCHO£OWSKA","2001","03","26",4.0,"",-3.6,"",-.5,"",.0,"8",5.6,"","S",0,"9"
"249190670","POLANA CHOCHO£OWSKA","2001","03","27",-1.7,"",-7.4,"",-5.8,"",.0,"8",.1,"","S",0,"9"
"249190670","POLANA CHOCHO£OWSKA","2001","03","28",-5.4,"",-8.7,"",-7.3,"",.0,"8",.0,"","W",0,"9"
"249190670","POLANA CHOCHO£OWSKA","2001","03","29",4.5,"",-10.9,"",-2.6,"",.0,"8",.0,"9","",0,"9"
"249190670","POLANA CHOCHO£OWSKA","2001","03","30",8.7,"",.7,"",3.3,"",.0,"8",.0,"9","",0,"9"
"249190670","POLANA CHOCHO£OWSKA","2001","03","31",7.8,"",-1.6,"",2.5,"",.0,"8",.0,"9","",0,"9"
"249190680","HALA ORNAK","2001","03","01",1.7,"",-5.7,"",-1.7,"",-7.4,"",1.2,"","S",60,""
"249190680","HALA ORNAK","2001","03","02",1.2,"",-11.9,"",-6.8,"",-14.9,"",.6,"","S",58,""
"249190680","HALA ORNAK","2001","03","03",4.9,"",-8.4,"",-.9,"",-11.8,"",.6,"","S",57,""
"249190680","HALA ORNAK","2001","03","04",6.0,"",.0,"",3.5,"",.0,"",3.7,"","S",55,""
"249190680","HALA ORNAK","2001","03","05",4.6,"",-3.5,"",-.4,"",-3.5,"",9.9,"","S",50,""
"249190680","HALA ORNAK","2001","03","06",.8,"",-6.0,"",-3.4,"",-9.0,"",.0,"9","",51,""
"249190680","HALA ORNAK","2001","03","07",5.1,"",-4.6,"",-1.6,"",-6.4,"",.0,"9","",50,""
"249190680","HALA ORNAK","2001","03","08",7.0,"",-2.6,"",2.5,"",-5.5,"",.0,"9","",48,""
"249190680","HALA ORNAK","2001","03","09",8.4,"",2.3,"",5.0,"",.5,"",.4,"","W",45,""
"249190680","HALA ORNAK","2001","03","10",5.3,"",-.2,"",2.2,"",-1.3,"",.1,"","W",38,""
"249190680","HALA ORNAK","2001","03","11",7.3,"",-2.6,"",2.0,"",-4.0,"",.3,"","W",35,""
"249190680","HALA ORNAK","2001","03","12",9.9,"",-.2,"",3.1,"",-1.0,"",.0,"9","",32,""
"249190680","HALA ORNAK","2001","03","13",8.4,"",1.2,"",4.6,"",-.4,"",7.4,"","S",25,""
"249190680","HALA ORNAK","2001","03","14",2.3,"",-2.6,"",-.8,"",-5.5,"",.2,"","S",25,""
"249190680","HALA ORNAK","2001","03","15",4.7,"",-2.9,"",.7,"",-2.9,"",.9,"","S",25,""
"249190680","HALA ORNAK","2001","03","16",5.2,"",-4.7,"",-.4,"",-6.6,"",.0,"9","",24,""
"249190680","HALA ORNAK","2001","03","17",8.2,"",-1.0,"",3.1,"",-2.5,"",2.2,"","W",22,""
"249190680","HALA ORNAK","2001","03","18",7.4,"",1.9,"",3.6,"",.0,"",2.1,"","W",20,""
"249190680","HALA ORNAK","2001","03","19",5.1,"",-2.7,"",.3,"",-2.7,"",.0,"","W",18,""
"249190680","HALA ORNAK","2001","03","20",-2.2,"",-6.2,"",-4.8,"",-7.2,"",.0,"","W",18,""
"249190680","HALA ORNAK","2001","03","21",.1,"",-9.1,"",-4.5,"",-10.5,"",.9,"","S",18,""
"249190680","HALA ORNAK","2001","03","22",3.2,"",-4.0,"",-.9,"",-5.0,"",3.3,"","S",20,""
"249190680","HALA ORNAK","2001","03","23",3.9,"",-1.2,"",.9,"",-4.0,"",4.4,"","S",21,""
"249190680","HALA ORNAK","2001","03","24",6.2,"",.0,"",2.4,"",-.4,"",5.0,"","W",20,""
"249190680","HALA ORNAK","2001","03","25",6.2,"",1.4,"",3.0,"",.8,"",8.9,"","W",15,""
"249190680","HALA ORNAK","2001","03","26",2.6,"",-3.0,"",-.5,"",-2.4,"",5.4,"","S",12,""
"249190680","HALA ORNAK","2001","03","27",-2.5,"",-6.9,"",-5.6,"",-7.7,"",.0,"","W",11,""
"249190680","HALA ORNAK","2001","03","28",-5.0,"",-8.0,"",-6.5,"",-7.7,"",.0,"","W",11,""
"249190680","HALA ORNAK","2001","03","29",2.6,"",-12.2,"",-4.7,"",-12.2,"",.0,"","W",11,""
"249190680","HALA ORNAK","2001","03","30",7.2,"",.5,"",2.7,"",-1.4,"",.0,"9","",11,""
"249190680","HALA ORNAK","2001","03","31",5.6,"",-3.4,"",.8,"",-5.0,"",.0,"9","",10,""
"249200020","£AZY","2001","03","01",6.5,"",-.6,"",2.2,"",.0,"8",1.9,"","S",6,""
"249200020","£AZY","2001","03","02",5.5,"",-4.8,"",-.8,"",.0,"8",.0,"","S",0,"9"
"249200020","£AZY","2001","03","03",5.9,"",-1.0,"",2.2,"",.0,"8",.1,"","S",0,""
"249200020","£AZY","2001","03","04",8.0,"",1.6,"",4.2,"",.0,"8",.1,"","W",0,"9"
"249200020","£AZY","2001","03","05",7.7,"",.2,"",3.2,"",.0,"8",6.2,"","S",0,"9"
"249200020","£AZY","2001","03","06",4.4,"",-2.0,"",.5,"",.0,"8",.0,"9","",0,"9"
"249200020","£AZY","2001","03","07",10.8,"",-5.3,"",1.7,"",.0,"8",.0,"9","",0,"9"
"249200020","£AZY","2001","03","08",11.0,"",-1.5,"",4.6,"",.0,"8",.0,"9","",0,"9"
"249200020","£AZY","2001","03","09",15.4,"",2.6,"",9.0,"",.0,"8",1.3,"","W",0,"9"
"249200020","£AZY","2001","03","10",12.4,"",6.4,"",8.7,"",.0,"8",.1,"","W",0,"9"
"249200020","£AZY","2001","03","11",14.8,"",4.6,"",8.9,"",.0,"8",.0,"9","",0,"9"
"249200020","£AZY","2001","03","12",16.5,"",6.7,"",11.0,"",.0,"8",.0,"9","",0,"9"
"249200020","£AZY","2001","03","13",14.7,"",6.4,"",9.0,"",.0,"8",4.5,"","W",0,"9"
"249200020","£AZY","2001","03","14",10.2,"",3.8,"",5.7,"",.0,"8",.2,"","W",0,"9"
"249200020","£AZY","2001","03","15",9.9,"",2.7,"",5.4,"",.0,"8",8.7,"","W",0,"9"
"249200020","£AZY","2001","03","16",11.6,"",.5,"",5.8,"",.0,"8",.0,"9","",0,"9"
"249200020","£AZY","2001","03","17",9.6,"",5.3,"",6.8,"",.0,"8",4.7,"","W",0,"9"
"249200020","£AZY","2001","03","18",5.5,"",1.5,"",3.0,"",.0,"8",.4,"","W",0,"9"
"249200020","£AZY","2001","03","19",12.6,"",1.2,"",6.0,"",.0,"8",10.9,"","S",0,"9"
"249200020","£AZY","2001","03","20",7.8,"",-.8,"",1.8,"",.0,"8",.0,"","W",0,"9"
"249200020","£AZY","2001","03","21",2.0,"",-4.4,"",-1.8,"",.0,"8",.0,"9","",0,"9"
"249200020","£AZY","2001","03","22",6.6,"",-4.1,"",1.1,"",.0,"8",.4,"","W",0,"9"
"249200020","£AZY","2001","03","23",4.2,"",1.4,"",2.3,"",.0,"8",5.1,"","S",0,"9"
"249200020","£AZY","2001","03","24",8.1,"",.2,"",3.7,"",.0,"8",2.7,"","W",0,""
"249200020","£AZY","2001","03","25",6.0,"",1.8,"",3.5,"",.0,"8",5.4,"","S",0,"9"
"249200020","£AZY","2001","03","26",2.2,"",-1.9,"",-.5,"",.0,"8",3.4,"","S",0,""
"249200020","£AZY","2001","03","27",-.9,"",-2.5,"",-1.8,"",.0,"8",.1,"","S",3,""
"249200020","£AZY","2001","03","28",-.5,"",-3.0,"",-2.0,"",.0,"8",.0,"","W",2,""
"249200020","£AZY","2001","03","29",6.8,"",-2.9,"",1.7,"",.0,"8",.0,"9","",0,"9"
"249200020","£AZY","2001","03","30",15.2,"",-2.6,"",5.2,"",.0,"8",.0,"9","",0,"9"
"249200020","£AZY","2001","03","31",10.8,"",-1.8,"",4.3,"",.0,"8",.0,"9","",0,"9"
"249200070","DOBCZYCE","2001","03","01",5.9,"",-2.4,"",.5,"",-7.5,"",1.2,"","S",2,""
"249200070","DOBCZYCE","2001","03","02",6.0,"",-2.5,"",.9,"",-5.6,"",.1,"","S",0,"9"
"249200070","DOBCZYCE","2001","03","03",6.3,"",-2.3,"",1.6,"",-5.3,"",.2,"","S",0,"9"
"249200070","DOBCZYCE","2001","03","04",7.0,"",.6,"",3.3,"",.6,"",.0,"","W",0,"9"
"249200070","DOBCZYCE","2001","03","05",4.6,"",.4,"",2.4,"",-.1,"",6.4,"","S",0,"9"
"249200070","DOBCZYCE","2001","03","06",4.5,"",-2.1,"",.2,"",-4.1,"",.0,"9","",0,""
"249200070","DOBCZYCE","2001","03","07",11.9,"",-4.0,"",2.4,"",-6.7,"",.0,"9","",0,"9"
"249200070","DOBCZYCE","2001","03","08",11.4,"",1.9,"",6.3,"",-1.6,"",.0,"9","",0,"9"
"249200070","DOBCZYCE","2001","03","09",14.8,"",2.5,"",8.0,"",-.5,"",1.3,"","W",0,"9"
"249200070","DOBCZYCE","2001","03","10",11.5,"",5.8,"",8.0,"",4.8,"",.0,"","W",0,"9"
"249200070","DOBCZYCE","2001","03","11",12.9,"",6.5,"",9.4,"",2.5,"",.2,"","W",0,"9"
"249200070","DOBCZYCE","2001","03","12",16.4,"",6.8,"",10.9,"",2.5,"",.0,"9","",0,"9"
"249200070","DOBCZYCE","2001","03","13",13.4,"",5.9,"",9.1,"",5.8,"",2.8,"","W",0,"9"
"249200070","DOBCZYCE","2001","03","14",9.5,"",2.5,"",5.0,"",-.1,"",1.2,"","W",0,"9"
"249200070","DOBCZYCE","2001","03","15",10.7,"",1.3,"",4.7,"",-2.1,"",5.0,"","W",0,"9"
"249200070","DOBCZYCE","2001","03","16",10.6,"",1.9,"",6.1,"",1.7,"",.0,"9","",0,"9"
"249200070","DOBCZYCE","2001","03","17",9.5,"",4.3,"",6.3,"",3.8,"",3.0,"","W",0,"9"
"249200070","DOBCZYCE","2001","03","18",4.6,"",1.2,"",2.6,"",-1.9,"",1.5,"","W",0,"9"
"249200070","DOBCZYCE","2001","03","19",13.9,"",-.6,"",5.4,"",-2.1,"",10.0,"","S",0,"9"
"249200070","DOBCZYCE","2001","03","20",7.0,"",-1.3,"",1.2,"",-2.6,"",.1,"","S",0,"9"
"249200070","DOBCZYCE","2001","03","21",1.0,"",-3.7,"",-1.8,"",-5.6,"",.0,"9","",0,"9"
"249200070","DOBCZYCE","2001","03","22",6.5,"",-4.9,"",.4,"",-5.7,"",.3,"","W",0,"9"
"249200070","DOBCZYCE","2001","03","23",5.0,"",1.5,"",2.7,"",1.5,"",4.5,"","S",0,"9"
"249200070","DOBCZYCE","2001","03","24",7.6,"",-.3,"",3.2,"",-.4,"",6.1,"","W",0,""
"249200070","DOBCZYCE","2001","03","25",6.2,"",1.6,"",3.5,"",1.6,"",5.2,"","S",0,"9"
"249200070","DOBCZYCE","2001","03","26",1.8,"",-1.9,"",-.7,"",-1.9,"",.8,"","S",0,""
"249200070","DOBCZYCE","2001","03","27",-1.5,"",-3.1,"",-2.4,"",-3.1,"",.3,"","S",2,""
"249200070","DOBCZYCE","2001","03","28",-1.0,"",-3.7,"",-2.5,"",-3.7,"",.1,"","S",2,""
"249200070","DOBCZYCE","2001","03","29",6.0,"",-5.2,"",.2,"",-7.7,"",.0,"9","",0,"9"
"249200070","DOBCZYCE","2001","03","30",14.3,"",-2.1,"",5.2,"",-4.1,"",.0,"9","",0,"9"
"249200070","DOBCZYCE","2001","03","31",11.1,"",-.8,"",4.8,"",-3.6,"",.2,"","W",0,"9"
"249200130","JASTRZÊBIA","2001","03","01",4.9,"",-.6,"",1.1,"",.0,"8",3.2,"","S",8,""
"249200130","JASTRZÊBIA","2001","03","02",7.6,"",-6.2,"",-.8,"",.0,"8",.0,"9","",6,""
"249200130","JASTRZÊBIA","2001","03","03",5.3,"",-2.9,"",1.5,"",.0,"8",1.0,"","W",5,""
"249200130","JASTRZÊBIA","2001","03","04",12.9,"",1.0,"",5.6,"",.0,"8",.3,"","W",4,""
"249200130","JASTRZÊBIA","2001","03","05",6.6,"",.3,"",2.7,"",.0,"8",6.3,"","S",0,"9"
"249200130","JASTRZÊBIA","2001","03","06",5.2,"",-2.9,"",-.4,"",.0,"8",.0,"9","",1,""
"249200130","JASTRZÊBIA","2001","03","07",11.9,"",-6.3,"",1.2,"",.0,"8",.0,"9","",0,"9"
"249200130","JASTRZÊBIA","2001","03","08",11.0,"",-2.6,"",3.2,"",.0,"8",.0,"9","",0,"9"
"249200130","JASTRZÊBIA","2001","03","09",14.7,"",-1.1,"",6.5,"",.0,"8",1.6,"","W",0,"9"
"249200130","JASTRZÊBIA","2001","03","10",12.9,"",6.0,"",8.4,"",.0,"8",2.1,"","W",0,"9"
"249200130","JASTRZÊBIA","2001","03","11",14.4,"",-1.3,"",5.5,"",.0,"8",1.0,"","W",0,"9"
"249200130","JASTRZÊBIA","2001","03","12",17.3,"",1.2,"",7.9,"",.0,"8",.0,"9","",0,"9"
"249200130","JASTRZÊBIA","2001","03","13",15.3,"",4.6,"",9.5,"",.0,"8",7.8,"","W",0,"9"
"249200130","JASTRZÊBIA","2001","03","14",11.8,"",2.4,"",5.9,"",.0,"8",.0,"9","",0,"9"
"249200130","JASTRZÊBIA","2001","03","15",11.4,"",-2.3,"",3.5,"",.0,"8",8.0,"","W",0,"9"
"249200130","JASTRZÊBIA","2001","03","16",12.7,"",.6,"",6.1,"",.0,"8",.0,"9","",0,"9"
"249200130","JASTRZÊBIA","2001","03","17",12.7,"",4.6,"",7.5,"",.0,"8",3.7,"","W",0,"9"
"249200130","JASTRZÊBIA","2001","03","18",7.1,"",1.6,"",3.6,"",.0,"8",.8,"","W",0,"9"
"249200130","JASTRZÊBIA","2001","03","19",14.2,"",-1.2,"",5.6,"",.0,"8",7.0,"","S",0,"9"
"249200130","JASTRZÊBIA","2001","03","20",6.9,"",-.2,"",2.1,"",.0,"8",.1,"","S",0,"9"
"249200130","JASTRZÊBIA","2001","03","21",1.8,"",-5.1,"",-1.8,"",.0,"8",.0,"9","",0,"9"
"249200130","JASTRZÊBIA","2001","03","22",7.3,"",-5.2,"",.8,"",.0,"8",.0,"9","",0,"9"
"249200130","JASTRZÊBIA","2001","03","23",5.4,"",1.9,"",3.1,"",.0,"8",1.4,"","W",0,"9"
"249200130","JASTRZÊBIA","2001","03","24",9.4,"",.0,"",4.1,"",.0,"8",11.0,"","W",0,"9"
"249200130","JASTRZÊBIA","2001","03","25",7.8,"",2.9,"",5.1,"",.0,"8",7.3,"","S",0,"9"
"249200130","JASTRZÊBIA","2001","03","26",3.2,"",-1.8,"",.0,"",.0,"8",2.9,"","S",0,""
"249200130","JASTRZÊBIA","2001","03","27",-1.0,"",-3.0,"",-2.0,"",.0,"8",.0,"9","",0,""
"249200130","JASTRZÊBIA","2001","03","28",-.8,"",-2.5,"",-1.9,"",.0,"8",.8,"","S",0,""
"249200130","JASTRZÊBIA","2001","03","29",7.0,"",-3.4,"",1.6,"",.0,"8",.0,"9","",0,""
"249200130","JASTRZÊBIA","2001","03","30",14.1,"",-1.6,"",6.5,"",.0,"8",.0,"9","",0,"9"
"249200130","JASTRZÊBIA","2001","03","31",13.1,"",-2.8,"",4.5,"",.0,"8",.0,"9","",0,"9"
"249200180","LIMANOWA","2001","03","01",4.4,"",-1.1,"",1.0,"",-6.5,"",2.3,"","S",8,""
"249200180","LIMANOWA","2001","03","02",5.0,"",-4.5,"",-.8,"",-8.1,"",.0,"9","",8,""
"249200180","LIMANOWA","2001","03","03",4.1,"",-4.0,"",.5,"",-8.3,"",.6,"","W",6,""
"249200180","LIMANOWA","2001","03","04",10.1,"",.4,"",4.2,"",-1.3,"",.3,"","W",3,""
"249200180","LIMANOWA","2001","03","05",7.9,"",-.6,"",3.0,"",-1.0,"",8.0,"","S",0,"9"
"249200180","LIMANOWA","2001","03","06",3.3,"",-4.0,"",-.7,"",-6.9,"",.0,"9","",2,""
"249200180","LIMANOWA","2001","03","07",11.7,"",-4.6,"",1.9,"",-7.0,"",.0,"9","",0,"9"
"249200180","LIMANOWA","2001","03","08",10.1,"",-1.6,"",3.5,"",-4.1,"",.0,"9","",0,"9"
"249200180","LIMANOWA","2001","03","09",14.3,"",2.6,"",7.7,"",-.9,"",.0,"9","",0,"9"
"249200180","LIMANOWA","2001","03","10",11.4,"",5.1,"",7.4,"",1.5,"",.0,"9","",0,"9"
"249200180","LIMANOWA","2001","03","11",13.2,"",2.1,"",7.5,"",-.5,"",.0,"9","",0,"9"
"249200180","LIMANOWA","2001","03","12",16.9,"",4.1,"",9.7,"",.2,"",.0,"9","",0,"9"
"249200180","LIMANOWA","2001","03","13",13.9,"",4.3,"",8.4,"",4.3,"",5.3,"","W",0,"9"
"249200180","LIMANOWA","2001","03","14",9.1,"",.8,"",4.0,"",-1.4,"",.2,"","W",0,"9"
"249200180","LIMANOWA","2001","03","15",10.2,"",-.4,"",4.0,"",-3.5,"",5.4,"","W",0,"9"
"249200180","LIMANOWA","2001","03","16",10.1,"",.2,"",5.2,"",-.5,"",.0,"9","",0,"9"
"249200180","LIMANOWA","2001","03","17",11.8,"",4.1,"",7.2,"",-.5,"",1.1,"","W",0,"9"
"249200180","LIMANOWA","2001","03","18",8.1,"",.0,"",3.2,"",-.9,"",.8,"","W",0,"9"
"249200180","LIMANOWA","2001","03","19",12.0,"",-.5,"",5.3,"",-1.6,"",3.4,"","W",0,"9"
"249200180","LIMANOWA","2001","03","20",6.5,"",-2.0,"",.9,"",-4.1,"",.0,"","W",0,"9"
"249200180","LIMANOWA","2001","03","21",2.0,"",-5.6,"",-2.3,"",-7.0,"",.0,"","W",0,"9"
"249200180","LIMANOWA","2001","03","22",7.0,"",-5.7,"",.4,"",-6.9,"",.1,"","W",0,"9"
"249200180","LIMANOWA","2001","03","23",4.3,"",2.2,"",3.3,"",1.0,"",5.1,"","S",0,"9"
"249200180","LIMANOWA","2001","03","24",8.6,"",.4,"",4.3,"",-.5,"",10.7,"","W",1,""
"249200180","LIMANOWA","2001","03","25",7.8,"",2.5,"",5.1,"",1.5,"",9.2,"","S",0,"9"
"249200180","LIMANOWA","2001","03","26",3.1,"",-2.7,"",-.5,"",-2.7,"",3.9,"","S",2,""
"249200180","LIMANOWA","2001","03","27",-1.9,"",-4.6,"",-3.3,"",-4.6,"",.0,"9","",4,""
"249200180","LIMANOWA","2001","03","28",-2.1,"",-4.6,"",-3.4,"",-4.6,"",.8,"","S",3,""
"249200180","LIMANOWA","2001","03","29",5.7,"",-6.6,"",-.7,"",-7.5,"",.0,"9","",3,""
"249200180","LIMANOWA","2001","03","30",14.0,"",1.0,"",6.5,"",-2.5,"",.0,"9","",0,"9"
"249200180","LIMANOWA","2001","03","31",11.6,"",.1,"",5.7,"",-3.0,"",.0,"9","",0,"9"
"249200240","PTASZKOWA","2001","03","01",1.9,"",-2.3,"",-.4,"",.0,"8",.4,"","S",18,""
"249200240","PTASZKOWA","2001","03","02",4.9,"",-2.8,"",-.4,"",.0,"8",.0,"","W",12,""
"249200240","PTASZKOWA","2001","03","03",4.2,"",-2.2,"",.9,"",.0,"8",.1,"","S",10,""
"249200240","PTASZKOWA","2001","03","04",10.7,"",.4,"",4.7,"",.0,"8",1.4,"","W",8,""
"249200240","PTASZKOWA","2001","03","05",9.2,"",-.8,"",2.8,"",.0,"8",3.6,"","S",0,"9"
"249200240","PTASZKOWA","2001","03","06",3.0,"",-3.3,"",-1.0,"",.0,"8",.0,"9","",1,""
"249200240","PTASZKOWA","2001","03","07",10.5,"",-2.1,"",3.1,"",.0,"8",.0,"9","",0,"9"
"249200240","PTASZKOWA","2001","03","08",7.6,"",.8,"",4.5,"",.0,"8",.0,"9","",0,"9"
"249200240","PTASZKOWA","2001","03","09",12.8,"",5.2,"",8.7,"",.0,"8",.9,"","W",0,"9"
"249200240","PTASZKOWA","2001","03","10",11.2,"",4.2,"",6.9,"",.0,"8",.0,"9","",0,"9"
"249200240","PTASZKOWA","2001","03","11",13.7,"",3.2,"",7.9,"",.0,"8",.5,"","W",0,"9"
"249200240","PTASZKOWA","2001","03","12",14.7,"",6.2,"",9.5,"",.0,"8",.0,"9","",0,"9"
"249200240","PTASZKOWA","2001","03","13",14.0,"",6.0,"",9.3,"",.0,"8",10.0,"","W",0,"9"
"249200240","PTASZKOWA","2001","03","14",8.7,"",2.0,"",4.4,"",.0,"8",.0,"","W",0,"9"
"249200240","PTASZKOWA","2001","03","15",9.1,"",-.1,"",3.7,"",.0,"8",3.7,"","W",0,"9"
"249200240","PTASZKOWA","2001","03","16",10.5,"",.8,"",4.8,"",.0,"8",.0,"9","",0,"9"
"249200240","PTASZKOWA","2001","03","17",11.7,"",3.8,"",6.7,"",.0,"8",2.0,"","W",0,"9"
"249200240","PTASZKOWA","2001","03","18",6.9,"",.8,"",2.9,"",.0,"8",1.6,"","W",0,"9"
"249200240","PTASZKOWA","2001","03","19",12.2,"",1.3,"",5.9,"",.0,"8",1.5,"","W",0,"9"
"249200240","PTASZKOWA","2001","03","20",6.2,"",-1.8,"",.7,"",.0,"8",.0,"","W",0,"9"
"249200240","PTASZKOWA","2001","03","21",.6,"",-5.3,"",-2.8,"",.0,"8",.0,"9","",0,"9"
"249200240","PTASZKOWA","2001","03","22",6.8,"",-5.9,"",-.2,"",.0,"8",.0,"","W",0,"9"
"249200240","PTASZKOWA","2001","03","23",5.1,"",1.9,"",3.1,"",.0,"8",3.7,"","S",0,"9"
"249200240","PTASZKOWA","2001","03","24",9.5,"",-.5,"",4.4,"",.0,"8",11.1,"","W",5,""
"249200240","PTASZKOWA","2001","03","25",8.5,"",2.3,"",4.9,"",.0,"8",11.3,"","S",0,"9"
"249200240","PTASZKOWA","2001","03","26",2.6,"",-3.1,"",-1.2,"",.0,"8",2.7,"","S",3,""
"249200240","PTASZKOWA","2001","03","27",-2.7,"",-4.9,"",-4.0,"",.0,"8",.0,"","S",3,""
"249200240","PTASZKOWA","2001","03","28",-3.4,"",-4.9,"",-4.2,"",.0,"8",.7,"","S",3,""
"249200240","PTASZKOWA","2001","03","29",4.1,"",-4.4,"",.1,"",.0,"8",.0,"9","",3,""
"249200240","PTASZKOWA","2001","03","30",11.7,"",2.3,"",6.2,"",.0,"8",.0,"9","",0,"9"
"249200240","PTASZKOWA","2001","03","31",11.4,"",.0,"",5.6,"",.0,"8",.4,"","W",0,"9"
"249200260","£¥CKO","2001","03","01",6.9,"",-.4,"",2.7,"",.0,"8",.8,"","W",2,""
"249200260","£¥CKO","2001","03","02",7.9,"",-3.9,"",.7,"",.0,"8",.0,"9","",0,"9"
"249200260","£¥CKO","2001","03","03",7.4,"",-5.2,"",1.7,"",.0,"8",.9,"","W",0,"9"
"249200260","£¥CKO","2001","03","04",13.9,"",.8,"",6.8,"",.0,"8",2.0,"","W",0,"9"
"249200260","£¥CKO","2001","03","05",10.5,"",.8,"",4.1,"",.0,"8",3.5,"","S",0,"9"
"249200260","£¥CKO","2001","03","06",5.3,"",-3.3,"",.2,"",.0,"8",.0,"9","",1,""
"249200260","£¥CKO","2001","03","07",12.9,"",-5.7,"",2.2,"",.0,"8",.0,"9","",0,"9"
"249200260","£¥CKO","2001","03","08",12.4,"",-1.9,"",4.2,"",.0,"8",.0,"9","",0,"9"
"249200260","£¥CKO","2001","03","09",16.1,"",-1.0,"",6.2,"",.0,"8",.0,"9","",0,"9"
"249200260","£¥CKO","2001","03","10",13.4,"",2.6,"",7.1,"",.0,"8",.0,"9","",0,"9"
"249200260","£¥CKO","2001","03","11",15.9,"",3.0,"",8.6,"",.0,"8",.0,"9","",0,"9"
"249200260","£¥CKO","2001","03","12",17.3,"",3.5,"",9.2,"",.0,"8",.0,"9","",0,"9"
"249200260","£¥CKO","2001","03","13",15.9,"",5.5,"",10.2,"",.0,"8",6.4,"","W",0,"9"
"249200260","£¥CKO","2001","03","14",11.0,"",1.3,"",5.3,"",.0,"8",.3,"","W",0,"9"
"249200260","£¥CKO","2001","03","15",11.2,"",-1.5,"",4.1,"",.0,"8",3.2,"","W",0,"9"
"249200260","£¥CKO","2001","03","16",12.4,"",1.0,"",6.4,"",.0,"8",.0,"9","",0,"9"
"249200260","£¥CKO","2001","03","17",13.9,"",2.0,"",7.2,"",.0,"8",.6,"","W",0,"9"
"249200260","£¥CKO","2001","03","18",10.0,"",3.2,"",6.0,"",.0,"8",.0,"","W",0,"9"
"249200260","£¥CKO","2001","03","19",14.9,"",.5,"",6.2,"",.0,"8",2.6,"","W",0,"9"
"249200260","£¥CKO","2001","03","20",7.5,"",-.9,"",1.9,"",.0,"8",.0,"","W",0,"9"
"249200260","£¥CKO","2001","03","21",2.9,"",-5.2,"",-1.3,"",.0,"8",.2,"","W",0,"9"
"249200260","£¥CKO","2001","03","22",8.8,"",-2.9,"",2.5,"",.0,"8",.0,"9","",0,"9"
"249200260","£¥CKO","2001","03","23",6.6,"",2.0,"",4.5,"",.0,"8",3.6,"","S",0,"9"
"249200260","£¥CKO","2001","03","24",11.0,"",-.2,"",5.7,"",.0,"8",7.8,"","W",0,"9"
"249200260","£¥CKO","2001","03","25",11.0,"",4.3,"",6.8,"",.0,"8",13.6,"","S",0,"9"
"249200260","£¥CKO","2001","03","26",5.3,"",-1.7,"",.7,"",.0,"8",5.7,"","S",0,""
"249200260","£¥CKO","2001","03","27",-.6,"",-3.8,"",-2.4,"",.0,"8",.0,"9","",0,"9"
"249200260","£¥CKO","2001","03","28",-1.3,"",-3.7,"",-2.5,"",.0,"8",.1,"","S",0,"9"
"249200260","£¥CKO","2001","03","29",7.9,"",-7.8,"",-.5,"",.0,"8",.0,"9","",1,""
"249200260","£¥CKO","2001","03","30",15.4,"",-.6,"",5.8,"",.0,"8",.0,"9","",0,"9"
"249200260","£¥CKO","2001","03","31",13.1,"",-.4,"",5.6,"",.0,"8",.0,"","W",0,"9"
"249200320","£OPUSZNA","2001","03","01",2.9,"",-2.1,"",.5,"",-2.1,"",1.5,"","S",18,""
"249200320","£OPUSZNA","2001","03","02",3.4,"",-9.2,"",-3.8,"",-10.1,"",.0,"9","",16,""
"249200320","£OPUSZNA","2001","03","03",3.4,"",-10.7,"",-1.8,"",-11.6,"",.3,"","W",13,""
"249200320","£OPUSZNA","2001","03","04",8.8,"",.0,"",3.7,"",-.2,"",2.4,"","S",11,""
"249200320","£OPUSZNA","2001","03","05",6.4,"",-1.0,"",1.4,"",-1.0,"",6.3,"","S",6,""
"249200320","£OPUSZNA","2001","03","06",3.9,"",-3.5,"",-.2,"",-6.7,"",.0,"9","",5,""
"249200320","£OPUSZNA","2001","03","07",8.8,"",-10.7,"",-2.4,"",-12.6,"",.0,"9","",4,""
"249200320","£OPUSZNA","2001","03","08",7.8,"",-6.1,"",.4,"",-7.2,"",.0,"9","",0,"9"
"249200320","£OPUSZNA","2001","03","09",11.8,"",-3.5,"",3.4,"",-4.7,"",.0,"9","",0,"9"
"249200320","£OPUSZNA","2001","03","10",9.8,"",-.5,"",4.4,"",-2.2,"",.0,"9","",0,"9"
"249200320","£OPUSZNA","2001","03","11",10.3,"",-2.5,"",3.6,"",-3.2,"",.0,"9","",0,"9"
"249200320","£OPUSZNA","2001","03","12",14.3,"",-.5,"",5.9,"",-2.2,"",.0,"9","",0,"9"
"249200320","£OPUSZNA","2001","03","13",13.3,"",-.5,"",5.3,"",-1.2,"",6.4,"","W",0,"9"
"249200320","£OPUSZNA","2001","03","14",8.3,"",-2.0,"",2.0,"",-2.2,"",.5,"","W",0,"9"
"249200320","£OPUSZNA","2001","03","15",8.3,"",-2.5,"",2.0,"",-3.2,"",.5,"","W",0,"9"
"249200320","£OPUSZNA","2001","03","16",9.8,"",-.5,"",4.1,"",-1.7,"",.0,"9","",0,"9"
"249200320","£OPUSZNA","2001","03","17",12.8,"",-1.0,"",5.0,"",-2.2,"",1.0,"","W",0,"9"
"249200320","£OPUSZNA","2001","03","18",8.8,"",2.0,"",4.7,"",1.7,"",1.2,"","W",0,"9"
"249200320","£OPUSZNA","2001","03","19",11.3,"",-2.5,"",3.4,"",-3.7,"",3.2,"","S",0,"9"
"249200320","£OPUSZNA","2001","03","20",5.9,"",-2.0,"",.4,"",-3.2,"",.0,"","W",0,"9"
"249200320","£OPUSZNA","2001","03","21",2.9,"",-6.1,"",-2.2,"",-7.2,"",.3,"","S",0,"9"
"249200320","£OPUSZNA","2001","03","22",6.4,"",-4.1,"",1.0,"",-4.7,"",.5,"","W",0,"9"
"249200320","£OPUSZNA","2001","03","23",4.4,"",1.5,"",2.9,"",.7,"",5.4,"","S",0,"9"
"249200320","£OPUSZNA","2001","03","24",8.8,"",-.5,"",4.1,"",-.5,"",7.4,"","W",1,""
"249200320","£OPUSZNA","2001","03","25",9.8,"",4.9,"",7.2,"",3.2,"",9.7,"","W",0,"9"
"249200320","£OPUSZNA","2001","03","26",8.8,"",.0,"",2.7,"",-.2,"",4.3,"","W",0,"9"
"249200320","£OPUSZNA","2001","03","27",1.0,"",-5.1,"",-3.1,"",-5.2,"",.0,"","S",0,"9"
"249200320","£OPUSZNA","2001","03","28",-2.5,"",-5.1,"",-3.8,"",-5.1,"",.1,"","S",0,""
"249200320","£OPUSZNA","2001","03","29",5.4,"",-6.6,"",-.6,"",-8.1,"",.0,"9","",0,"9"
"249200320","£OPUSZNA","2001","03","30",12.8,"",-3.5,"",3.6,"",-5.2,"",.0,"9","",0,"9"
"249200320","£OPUSZNA","2001","03","31",9.8,"",-3.5,"",3.2,"",-4.7,"",.0,"9","",0,"9"
"249200360","MIZERNA","2001","03","01",4.0,"",-2.0,"",.9,"",.0,"8",1.3,"","S",14,""
"249200360","MIZERNA","2001","03","02",4.0,"",-6.0,"",-2.2,"",.0,"8",.1,"","S",14,""
"249200360","MIZERNA","2001","03","03",3.4,"",-7.4,"",-.5,"",.0,"8",.4,"","S",13,""
"249200360","MIZERNA","2001","03","04",9.4,"",.4,"",4.6,"",.0,"8",3.2,"","W",13,""
"249200360","MIZERNA","2001","03","05",6.2,"",-.6,"",1.6,"",.0,"8",.8,"","S",0,"9"
"249200360","MIZERNA","2001","03","06",4.0,"",-3.4,"",-.3,"",.0,"8",.0,"9","",3,""
"249200360","MIZERNA","2001","03","07",8.4,"",-8.0,"",-1.4,"",.0,"8",.0,"9","",0,"9"
"249200360","MIZERNA","2001","03","08",8.4,"",-5.0,"",.9,"",.0,"8",.0,"9","",0,"9"
"249200360","MIZERNA","2001","03","09",12.0,"",-2.4,"",3.1,"",.0,"8",.0,"9","",0,"9"
"249200360","MIZERNA","2001","03","10",10.0,"",.1,"",3.8,"",.0,"8",.0,"9","",0,"9"
"249200360","MIZERNA","2001","03","11",10.8,"",-1.0,"",4.0,"",.0,"8",.3,"","W",0,"9"
"249200360","MIZERNA","2001","03","12",13.0,"",-.1,"",5.1,"",.0,"8",.0,"9","",0,"9"
"249200360","MIZERNA","2001","03","13",12.4,"",.4,"",5.5,"",.0,"8",6.6,"","W",0,"9"
"249200360","MIZERNA","2001","03","14",8.4,"",-.6,"",2.1,"",.0,"8",.1,"","S",0,"9"
"249200360","MIZERNA","2001","03","15",8.4,"",-2.6,"",1.8,"",.0,"8",1.0,"","S",0,""
"249200360","MIZERNA","2001","03","16",10.0,"",-.6,"",4.0,"",.0,"8",.1,"","W",0,"9"
"249200360","MIZERNA","2001","03","17",13.0,"",.3,"",5.8,"",.0,"8",.4,"","W",0,"9"
"249200360","MIZERNA","2001","03","18",9.0,"",2.0,"",4.9,"",.0,"8",.5,"","W",0,"9"
"249200360","MIZERNA","2001","03","19",11.4,"",-1.0,"",4.3,"",.0,"8",1.2,"","W",0,"9"
"249200360","MIZERNA","2001","03","20",5.4,"",-1.6,"",.3,"",.0,"8",.1,"","S",0,"9"
"249200360","MIZERNA","2001","03","21",3.0,"",-5.8,"",-2.1,"",.0,"8",.3,"","S",0,"9"
"249200360","MIZERNA","2001","03","22",6.0,"",-4.0,"",.8,"",.0,"8",.1,"","W",0,""
"249200360","MIZERNA","2001","03","23",5.0,"",1.0,"",3.0,"",.0,"8",5.2,"","W",0,"9"
"249200360","MIZERNA","2001","03","24",9.4,"",.4,"",4.6,"",.0,"8",7.4,"","W",0,"9"
"249200360","MIZERNA","2001","03","25",10.0,"",5.4,"",7.2,"",.0,"8",6.7,"","W",0,"9"
"249200360","MIZERNA","2001","03","26",7.0,"",-1.0,"",1.4,"",.0,"8",3.2,"","S",0,"9"
"249200360","MIZERNA","2001","03","27",-1.0,"",-4.6,"",-3.4,"",.0,"8",.2,"","S",0,""
"249200360","MIZERNA","2001","03","28",-2.8,"",-4.6,"",-3.7,"",.0,"8",.1,"","S",0,""
"249200360","MIZERNA","2001","03","29",5.6,"",-4.0,"",.5,"",.0,"8",.0,"9","",0,"9"
"249200360","MIZERNA","2001","03","30",12.4,"",-1.6,"",4.5,"",.0,"8",.0,"9","",0,"9"
"249200360","MIZERNA","2001","03","31",9.4,"",-2.8,"",3.2,"",.0,"8",.0,"9","",0,"9"
"249200370","KROŒCIENKO","2001","03","01",6.0,"",-.6,"",2.2,"",.0,"8",2.6,"","S",12,""
"249200370","KROŒCIENKO","2001","03","02",5.7,"",-5.1,"",-1.2,"",.0,"8",.4,"","S",7,""
"249200370","KROŒCIENKO","2001","03","03",5.7,"",-4.5,"",.7,"",.0,"8",.3,"","S",8,""
"249200370","KROŒCIENKO","2001","03","04",12.9,"",1.0,"",5.3,"",.0,"8",2.2,"","W",4,""
"249200370","KROŒCIENKO","2001","03","05",9.2,"",.5,"",3.2,"",.0,"8",2.4,"","S",0,"9"
"249200370","KROŒCIENKO","2001","03","06",5.9,"",-2.0,"",.2,"",.0,"8",.0,"9","",1,""
"249200370","KROŒCIENKO","2001","03","07",11.2,"",-5.7,"",.1,"",.0,"8",.0,"9","",0,"9"
"249200370","KROŒCIENKO","2001","03","08",10.1,"",-2.5,"",4.2,"",.0,"8",.0,"9","",0,"9"
"249200370","KROŒCIENKO","2001","03","09",16.2,"",2.6,"",8.4,"",.0,"8",.0,"","W",0,"9"
"249200370","KROŒCIENKO","2001","03","10",12.9,"",3.3,"",7.3,"",.0,"8",.0,"9","",0,"9"
"249200370","KROŒCIENKO","2001","03","11",13.0,"",-.2,"",5.5,"",.0,"8",.0,"","W",0,"9"
"249200370","KROŒCIENKO","2001","03","12",15.0,"",1.3,"",6.7,"",.0,"8",.0,"9","",0,"9"
"249200370","KROŒCIENKO","2001","03","13",15.6,"",4.5,"",9.7,"",.0,"8",8.1,"","W",0,"9"
"249200370","KROŒCIENKO","2001","03","14",9.5,"",1.0,"",3.6,"",.0,"8",.0,"","W",0,"9"
"249200370","KROŒCIENKO","2001","03","15",9.8,"",-3.4,"",2.5,"",.0,"8",1.5,"","S",0,"9"
"249200370","KROŒCIENKO","2001","03","16",11.9,"",1.0,"",5.6,"",.0,"8",.1,"","W",0,"9"
"249200370","KROŒCIENKO","2001","03","17",13.1,"",.5,"",5.7,"",.0,"8",.1,"","W",0,"9"
"249200370","KROŒCIENKO","2001","03","18",8.6,"",3.6,"",5.4,"",.0,"8",.8,"","W",0,"9"
"249200370","KROŒCIENKO","2001","03","19",10.2,"",-1.2,"",4.4,"",.0,"8",1.8,"","W",0,"9"
"249200370","KROŒCIENKO","2001","03","20",5.1,"",-.1,"",1.3,"",.0,"8",.2,"","S",0,"9"
"249200370","KROŒCIENKO","2001","03","21",4.1,"",-5.1,"",-1.0,"",.0,"8",.2,"","S",0,"9"
"249200370","KROŒCIENKO","2001","03","22",8.5,"",-4.2,"",1.5,"",.0,"8",.0,"","W",1,""
"249200370","KROŒCIENKO","2001","03","23",6.1,"",3.5,"",4.5,"",.0,"8",3.2,"","S",0,"9"
"249200370","KROŒCIENKO","2001","03","24",11.8,"",.4,"",5.6,"",.0,"8",6.1,"","W",0,"9"
"249200370","KROŒCIENKO","2001","03","25",10.2,"",5.3,"",6.8,"",.0,"8",5.3,"","W",0,"9"
"249200370","KROŒCIENKO","2001","03","26",5.4,"",-1.0,"",1.0,"",.0,"8",2.5,"","S",0,"9"
"249200370","KROŒCIENKO","2001","03","27",-.9,"",-3.7,"",-2.6,"",.0,"8",.1,"","S",0,"9"
"249200370","KROŒCIENKO","2001","03","28",-2.0,"",-3.7,"",-2.8,"",.0,"8",.6,"","S",0,""
"249200370","KROŒCIENKO","2001","03","29",8.5,"",-5.5,"",1.0,"",.0,"8",.0,"9","",0,""
"249200370","KROŒCIENKO","2001","03","30",15.1,"",3.6,"",7.5,"",.0,"8",.0,"9","",0,"9"
"249200370","KROŒCIENKO","2001","03","31",12.5,"",-2.1,"",4.9,"",.0,"8",.0,"9","",0,"9"
"249200410","PIWNICZNA","2001","03","01",3.8,"",-1.5,"",.9,"",.0,"8",1.6,"","W",7,""
"249200410","PIWNICZNA","2001","03","02",5.4,"",-4.7,"",-.9,"",.0,"8",.6,"","S",5,""
"249200410","PIWNICZNA","2001","03","03",4.2,"",-.9,"",1.5,"",.0,"8",.3,"","S",3,""
"249200410","PIWNICZNA","2001","03","04",11.8,"",.8,"",4.6,"",.0,"8",1.7,"","W",1,""
"249200410","PIWNICZNA","2001","03","05",8.7,"",.8,"",3.2,"",.0,"8",7.7,"","S",0,"9"
"249200410","PIWNICZNA","2001","03","06",6.9,"",-1.7,"",.8,"",.0,"8",.0,"9","",2,""
"249200410","PIWNICZNA","2001","03","07",11.8,"",-5.6,"",.6,"",.0,"8",.0,"9","",0,"9"
"249200410","PIWNICZNA","2001","03","08",9.0,"",-2.0,"",4.2,"",.0,"8",.0,"9","",0,"9"
"249200410","PIWNICZNA","2001","03","09",14.2,"",.7,"",7.1,"",.0,"8",.0,"9","",0,"9"
"249200410","PIWNICZNA","2001","03","10",14.4,"",2.0,"",7.2,"",.0,"8",.0,"9","",0,"9"
"249200410","PIWNICZNA","2001","03","11",14.1,"",-.4,"",5.9,"",.0,"8",.0,"9","",0,"9"
"249200410","PIWNICZNA","2001","03","12",15.8,"",2.2,"",7.5,"",.0,"8",.0,"9","",0,"9"
"249200410","PIWNICZNA","2001","03","13",14.8,"",4.3,"",9.3,"",.0,"8",9.8,"","W",0,"9"
"249200410","PIWNICZNA","2001","03","14",11.3,"",2.2,"",5.6,"",.0,"8",.0,"9","",0,"9"
"249200410","PIWNICZNA","2001","03","15",10.8,"",-2.0,"",3.5,"",.0,"8",3.6,"","W",0,"9"
"249200410","PIWNICZNA","2001","03","16",11.8,"",2.2,"",6.6,"",.0,"8",.0,"9","",0,"9"
"249200410","PIWNICZNA","2001","03","17",13.8,"",1.2,"",6.5,"",.0,"8",2.2,"","W",0,"9"
"249200410","PIWNICZNA","2001","03","18",9.6,"",2.3,"",5.2,"",.0,"8",1.9,"","W",0,"9"
"249200410","PIWNICZNA","2001","03","19",12.4,"",-.5,"",5.4,"",.0,"8",1.2,"","W",0,"9"
"249200410","PIWNICZNA","2001","03","20",8.4,"",-.5,"",2.3,"",.0,"8",.0,"9","",0,"9"
"249200410","PIWNICZNA","2001","03","21",3.5,"",-4.6,"",-1.0,"",.0,"8",.3,"","S",0,"9"
"249200410","PIWNICZNA","2001","03","22",8.4,"",-1.9,"",2.8,"",.0,"8",.0,"9","",1,""
"249200410","PIWNICZNA","2001","03","23",6.5,"",1.6,"",4.0,"",.0,"8",4.3,"","W",0,"9"
"249200410","PIWNICZNA","2001","03","24",9.8,"",1.0,"",5.3,"",.0,"8",5.1,"","W",0,"9"
"249200410","PIWNICZNA","2001","03","25",9.9,"",4.8,"",6.5,"",.0,"8",4.8,"","S",0,"9"
"249200410","PIWNICZNA","2001","03","26",5.2,"",-1.1,"",1.0,"",.0,"8",3.3,"","S",1,""
"249200410","PIWNICZNA","2001","03","27",-.8,"",-3.1,"",-2.2,"",.0,"8",.0,"9","",1,""
"249200410","PIWNICZNA","2001","03","28",-1.7,"",-3.1,"",-2.4,"",.0,"8",.6,"","S",1,""
"249200410","PIWNICZNA","2001","03","29",6.9,"",-2.1,"",2.1,"",.0,"8",.0,"9","",1,""
"249200410","PIWNICZNA","2001","03","30",13.0,"",1.0,"",5.9,"",.0,"8",.0,"9","",0,"9"
"249200410","PIWNICZNA","2001","03","31",12.7,"",-1.5,"",4.7,"",.0,"8",.0,"9","",0,"9"
"249200420","NIEDZICA","2001","03","01",3.5,"",-1.9,"",.7,"",.0,"8",2.2,"","S",12,""
"249200420","NIEDZICA","2001","03","02",4.8,"",-6.4,"",-2.0,"",.0,"8",.2,"","S",11,""
"249200420","NIEDZICA","2001","03","03",4.0,"",-7.0,"",-.3,"",.0,"8",.4,"","S",10,""
"249200420","NIEDZICA","2001","03","04",9.9,"",.8,"",4.6,"",.0,"8",2.4,"","W",8,""
"249200420","NIEDZICA","2001","03","05",6.4,"",-.1,"",2.0,"",.0,"8",4.4,"","S",7,""
"249200420","NIEDZICA","2001","03","06",4.5,"",-2.8,"",-.1,"",.0,"8",.0,"9","",5,""
"249200420","NIEDZICA","2001","03","07",9.9,"",-8.1,"",-1.4,"",.0,"8",.0,"9","",0,"9"
"249200420","NIEDZICA","2001","03","08",8.6,"",-4.2,"",1.3,"",.0,"8",.0,"9","",0,"9"
"249200420","NIEDZICA","2001","03","09",12.9,"",-1.9,"",3.2,"",.0,"8",.0,"","W",0,"9"
"249200420","NIEDZICA","2001","03","10",11.5,"",1.6,"",4.7,"",.0,"8",.0,"9","",0,"9"
"249200420","NIEDZICA","2001","03","11",11.5,"",-.9,"",4.4,"",.0,"8",.0,"","W",0,"9"
"249200420","NIEDZICA","2001","03","12",14.2,"",-.1,"",5.7,"",.0,"8",.0,"9","",0,"9"
"249200420","NIEDZICA","2001","03","13",14.4,"",2.0,"",6.6,"",.0,"8",8.2,"","W",0,"9"
"249200420","NIEDZICA","2001","03","14",9.3,"",.8,"",3.3,"",.0,"8",.3,"","S",0,"9"
"249200420","NIEDZICA","2001","03","15",9.1,"",-2.6,"",2.3,"",.0,"8",1.2,"","S",0,""
"249200420","NIEDZICA","2001","03","16",10.9,"",-.2,"",4.3,"",.0,"8",.6,"","W",0,"9"
"249200420","NIEDZICA","2001","03","17",13.4,"",-.6,"",5.4,"",.0,"8",.3,"","W",0,"9"
"249200420","NIEDZICA","2001","03","18",9.1,"",4.0,"",5.6,"",.0,"8",1.6,"","W",0,"9"
"249200420","NIEDZICA","2001","03","19",12.2,"",.7,"",4.8,"",.0,"8",2.6,"","W",0,"9"
"249200420","NIEDZICA","2001","03","20",4.5,"",-1.1,"",.6,"",.0,"8",.0,"","W",0,"9"
"249200420","NIEDZICA","2001","03","21",3.8,"",-5.1,"",-1.6,"",.0,"8",.5,"","S",0,"9"
"249200420","NIEDZICA","2001","03","22",6.7,"",-2.9,"",1.3,"",.0,"8",.0,"","W",2,""
"249200420","NIEDZICA","2001","03","23",6.0,"",1.4,"",3.5,"",.0,"8",5.9,"","S",0,"9"
"249200420","NIEDZICA","2001","03","24",10.3,"",.3,"",5.0,"",.0,"8",7.2,"","W",0,""
"249200420","NIEDZICA","2001","03","25",9.9,"",5.7,"",7.1,"",.0,"8",6.2,"","S",0,"9"
"249200420","NIEDZICA","2001","03","26",6.9,"",-.9,"",1.6,"",.0,"8",3.9,"","S",0,"9"
"249200420","NIEDZICA","2001","03","27",-.6,"",-4.4,"",-3.3,"",.0,"8",.2,"","S",0,"9"
"249200420","NIEDZICA","2001","03","28",-2.6,"",-4.3,"",-3.6,"",.0,"8",.0,"","W",0,"9"
"249200420","NIEDZICA","2001","03","29",5.6,"",-3.9,"",.6,"",.0,"8",.0,"9","",0,"9"
"249200420","NIEDZICA","2001","03","30",12.2,"",-2.0,"",4.0,"",.0,"8",.0,"9","",0,"9"
"249200420","NIEDZICA","2001","03","31",10.4,"",-2.7,"",3.4,"",.0,"8",.0,"9","",0,"9"
"249200470","KRYNICA","2001","03","01",1.1,"",-4.2,"",-1.0,"",.0,"8",1.9,"","S",24,""
"249200470","KRYNICA","2001","03","02",2.5,"",-6.0,"",-2.3,"",.0,"8",.3,"","S",28,""
"249200470","KRYNICA","2001","03","03",2.9,"",-3.4,"",-.3,"",.0,"8",.2,"","S",25,""
"249200470","KRYNICA","2001","03","04",8.1,"",-.2,"",3.1,"",.0,"8",1.1,"","W",20,""
"249200470","KRYNICA","2001","03","05",6.8,"",-.7,"",2.0,"",.0,"8",4.7,"","S",15,""
"249200470","KRYNICA","2001","03","06",3.9,"",-4.0,"",-1.5,"",.0,"8",.0,"9","",15,""
"249200470","KRYNICA","2001","03","07",8.0,"",-8.3,"",-1.7,"",.0,"8",.0,"9","",13,""
"249200470","KRYNICA","2001","03","08",6.1,"",-1.0,"",2.9,"",.0,"8",.0,"9","",9,""
"249200470","KRYNICA","2001","03","09",10.6,"",3.7,"",6.2,"",.0,"8",.6,"","W",5,""
"249200470","KRYNICA","2001","03","10",11.6,"",.7,"",5.7,"",.0,"8",.0,"9","",0,"9"
"249200470","KRYNICA","2001","03","11",12.2,"",-2.4,"",3.8,"",.0,"8",.1,"","W",0,"9"
"249200470","KRYNICA","2001","03","12",13.2,"",.1,"",6.0,"",.0,"8",.0,"9","",0,"9"
"249200470","KRYNICA","2001","03","13",12.0,"",3.1,"",7.6,"",.0,"8",11.3,"","W",0,"9"
"249200470","KRYNICA","2001","03","14",9.9,"",.2,"",4.1,"",.0,"8",.0,"9","",0,"9"
"249200470","KRYNICA","2001","03","15",9.2,"",-4.4,"",1.7,"",.0,"8",1.9,"","W",0,"9"
"249200470","KRYNICA","2001","03","16",10.1,"",.0,"",4.7,"",.0,"8",.2,"","W",0,"9"
"249200470","KRYNICA","2001","03","17",11.8,"",-.4,"",5.4,"",.0,"8",2.7,"","W",0,"9"
"249200470","KRYNICA","2001","03","18",8.6,"",1.0,"",4.1,"",.0,"8",5.3,"","W",0,"9"
"249200470","KRYNICA","2001","03","19",10.9,"",-2.2,"",3.7,"",.0,"8",6.8,"","W",0,"9"
"249200470","KRYNICA","2001","03","20",5.4,"",-2.7,"",.1,"",.0,"8",.2,"","S",0,"9"
"249200470","KRYNICA","2001","03","21",2.7,"",-7.3,"",-3.0,"",.0,"8",.1,"","S",1,""
"249200470","KRYNICA","2001","03","22",7.4,"",-6.3,"",-.3,"",.0,"8",.1,"","W",0,"9"
"249200470","KRYNICA","2001","03","23",4.6,"",-1.4,"",1.8,"",.0,"8",3.7,"","S",0,"9"
"249200470","KRYNICA","2001","03","24",7.0,"",-.3,"",3.3,"",.0,"8",6.4,"","W",1,""
"249200470","KRYNICA","2001","03","25",9.1,"",3.1,"",5.5,"",.0,"8",4.1,"","S",0,"9"
"249200470","KRYNICA","2001","03","26",4.4,"",-4.0,"",-.8,"",.0,"8",2.4,"","S",2,""
"249200470","KRYNICA","2001","03","27",-3.4,"",-5.6,"",-4.6,"",.0,"8",.1,"","S",3,""
"249200470","KRYNICA","2001","03","28",-3.8,"",-5.8,"",-4.7,"",.0,"8",.3,"","S",3,""
"249200470","KRYNICA","2001","03","29",3.9,"",-4.9,"",-.4,"",.0,"8",.0,"9","",4,""
"249200470","KRYNICA","2001","03","30",10.3,"",1.6,"",5.0,"",.0,"8",.0,"9","",0,"9"
"249200470","KRYNICA","2001","03","31",11.8,"",-4.0,"",3.4,"",.0,"8",.2,"","W",0,"9"
"249200480","BUKOWINA TATRZAÑSKA","2001","03","01",1.9,"",-5.8,"",-1.9,"",.0,"8",3.0,"","S",55,""
"249200480","BUKOWINA TATRZAÑSKA","2001","03","02",.4,"",-6.5,"",-3.1,"",.0,"8",.0,"9","",50,""
"249200480","BUKOWINA TATRZAÑSKA","2001","03","03",2.8,"",-5.3,"",-1.2,"",.0,"8",.9,"","W",46,""
"249200480","BUKOWINA TATRZAÑSKA","2001","03","04",9.7,"",-.5,"",3.7,"",.0,"8",.6,"","S",37,""
"249200480","BUKOWINA TATRZAÑSKA","2001","03","05",4.4,"",-2.7,"",-.1,"",.0,"8",3.1,"","S",25,""
"249200480","BUKOWINA TATRZAÑSKA","2001","03","06",1.4,"",-5.5,"",-2.7,"",.0,"8",.0,"9","",26,""
"249200480","BUKOWINA TATRZAÑSKA","2001","03","07",3.4,"",-5.0,"",-.9,"",.0,"8",.0,"9","",26,""
"249200480","BUKOWINA TATRZAÑSKA","2001","03","08",5.9,"",-3.9,"",.7,"",.0,"8",.0,"9","",24,""
"249200480","BUKOWINA TATRZAÑSKA","2001","03","09",9.9,"",-.3,"",4.4,"",.0,"8",.0,"9","",20,""
"249200480","BUKOWINA TATRZAÑSKA","2001","03","10",6.0,"",1.9,"",4.3,"",.0,"8",.0,"9","",14,""
"249200480","BUKOWINA TATRZAÑSKA","2001","03","11",8.7,"",.5,"",5.0,"",.0,"8",.0,"9","",10,""
"249200480","BUKOWINA TATRZAÑSKA","2001","03","12",10.7,"",2.5,"",6.7,"",.0,"8",.0,"9","",8,""
"249200480","BUKOWINA TATRZAÑSKA","2001","03","13",9.4,"",3.5,"",5.6,"",.0,"8",8.9,"","S",0,"9"
"249200480","BUKOWINA TATRZAÑSKA","2001","03","14",4.4,"",-.1,"",1.8,"",.0,"8",.2,"","S",0,"9"
"249200480","BUKOWINA TATRZAÑSKA","2001","03","15",4.9,"",-.5,"",1.7,"",.0,"8",.1,"","S",0,"9"
"249200480","BUKOWINA TATRZAÑSKA","2001","03","16",6.6,"",-3.2,"",1.8,"",.0,"8",.0,"9","",0,"9"
"249200480","BUKOWINA TATRZAÑSKA","2001","03","17",8.9,"",1.3,"",4.8,"",.0,"8",1.8,"","W",0,"9"
"249200480","BUKOWINA TATRZAÑSKA","2001","03","18",7.2,"",-.3,"",3.4,"",.0,"8",2.2,"","W",0,"9"
"249200480","BUKOWINA TATRZAÑSKA","2001","03","19",8.9,"",.5,"",3.7,"",.0,"8",1.0,"","W",0,"9"
"249200480","BUKOWINA TATRZAÑSKA","2001","03","20",3.2,"",-3.7,"",-1.7,"",.0,"8",.1,"","S",0,"9"
"249200480","BUKOWINA TATRZAÑSKA","2001","03","21",-.6,"",-7.7,"",-4.0,"",.0,"8",.5,"","S",0,""
"249200480","BUKOWINA TATRZAÑSKA","2001","03","22",3.0,"",-4.5,"",-.9,"",.0,"8",1.4,"","S",2,""
"249200480","BUKOWINA TATRZAÑSKA","2001","03","23",2.9,"",-.3,"",1.7,"",.0,"8",5.9,"","S",0,"9"
"249200480","BUKOWINA TATRZAÑSKA","2001","03","24",7.9,"",-1.3,"",3.9,"",.0,"8",5.8,"","W",2,""
"249200480","BUKOWINA TATRZAÑSKA","2001","03","25",8.5,"",4.0,"",5.8,"",.0,"8",7.4,"","W",0,"9"
"249200480","BUKOWINA TATRZAÑSKA","2001","03","26",5.0,"",-3.8,"",-.4,"",.0,"8",4.0,"","S",0,"9"
"249200480","BUKOWINA TATRZAÑSKA","2001","03","27",-3.0,"",-6.7,"",-5.4,"",.0,"8",.1,"","S",0,"9"
"249200480","BUKOWINA TATRZAÑSKA","2001","03","28",-5.0,"",-7.3,"",-5.9,"",.0,"8",.1,"","S",0,""
"249200480","BUKOWINA TATRZAÑSKA","2001","03","29",4.9,"",-8.3,"",-2.1,"",.0,"8",.0,"9","",0,"9"
"249200480","BUKOWINA TATRZAÑSKA","2001","03","30",8.9,"",-2.3,"",3.2,"",.0,"8",.0,"9","",0,"9"
"249200480","BUKOWINA TATRZAÑSKA","2001","03","31",8.9,"",1.0,"",5.1,"",.0,"8",.0,"9","",0,"9"
"249200490","MUSZYNA","2001","03","01",5.2,"",-3.9,"",.8,"",-6.8,"",1.3,"","S",16,""
"249200490","MUSZYNA","2001","03","02",2.6,"",-4.9,"",-1.5,"",-5.1,"",.9,"","S",17,""
"249200490","MUSZYNA","2001","03","03",4.1,"",-2.1,"",.6,"",-4.2,"",1.2,"","S",17,""
"249200490","MUSZYNA","2001","03","04",10.8,"",.1,"",3.9,"",-1.1,"",1.3,"","S",15,""
"249200490","MUSZYNA","2001","03","05",5.4,"",-.5,"",1.7,"",-1.1,"",4.0,"","S",7,""
"249200490","MUSZYNA","2001","03","06",4.6,"",-1.9,"",.3,"",-3.2,"",.0,"9","",8,""
"249200490","MUSZYNA","2001","03","07",9.8,"",-8.2,"",-.7,"",-10.5,"",.0,"9","",5,""
"249200490","MUSZYNA","2001","03","08",7.9,"",1.4,"",4.2,"",-2.1,"",.0,"9","",0,"9"
"249200490","MUSZYNA","2001","03","09",12.3,"",5.1,"",8.4,"",1.2,"",.3,"","W",0,"9"
"249200490","MUSZYNA","2001","03","10",12.7,"",1.6,"",6.6,"",1.0,"",.0,"9","",0,"9"
"249200490","MUSZYNA","2001","03","11",12.9,"",-1.2,"",5.2,"",-4.2,"",.1,"","W",0,"9"
"249200490","MUSZYNA","2001","03","12",14.6,"",.6,"",6.6,"",-3.2,"",.0,"9","",0,"9"
"249200490","MUSZYNA","2001","03","13",14.2,"",3.8,"",9.0,"",.1,"",13.0,"","W",0,"9"
"249200490","MUSZYNA","2001","03","14",10.6,"",2.2,"",5.4,"",1.2,"",.0,"9","",0,"9"
"249200490","MUSZYNA","2001","03","15",11.3,"",-3.4,"",4.3,"",-7.4,"",1.0,"","W",0,"9"
"249200490","MUSZYNA","2001","03","16",11.9,"",2.6,"",6.6,"",1.5,"",.2,"","W",0,"9"
"249200490","MUSZYNA","2001","03","17",13.3,"",-.9,"",5.6,"",-2.6,"",1.6,"","W",0,"9"
"249200490","MUSZYNA","2001","03","18",10.8,"",3.1,"",5.8,"",1.4,"",3.4,"","W",0,"9"
"249200490","MUSZYNA","2001","03","19",11.9,"",-1.4,"",4.3,"",-3.2,"",1.7,"","W",0,"9"
"249200490","MUSZYNA","2001","03","20",5.5,"",-.6,"",1.4,"",-2.8,"",.0,"","W",0,"9"
"249200490","MUSZYNA","2001","03","21",4.8,"",-5.5,"",-1.2,"",-9.5,"",.6,"","S",0,"9"
"249200490","MUSZYNA","2001","03","22",8.0,"",-3.3,"",1.7,"",-7.1,"",.0,"9","",1,""
"249200490","MUSZYNA","2001","03","23",6.2,"",-.1,"",3.0,"",-4.2,"",3.7,"","W",0,"9"
"249200490","MUSZYNA","2001","03","24",8.8,"",.6,"",4.5,"",.0,"",5.6,"","W",0,"9"
"249200490","MUSZYNA","2001","03","25",10.3,"",5.3,"",7.0,"",3.5,"",5.1,"","S",0,"9"
"249200490","MUSZYNA","2001","03","26",6.7,"",.1,"",1.9,"",-.5,"",4.1,"","S",1,""
"249200490","MUSZYNA","2001","03","27",.4,"",-3.4,"",-2.2,"",-3.6,"",.0,"","W",1,""
"249200490","MUSZYNA","2001","03","28",-2.0,"",-3.9,"",-3.0,"",-4.2,"",.2,"","S",1,""
"249200490","MUSZYNA","2001","03","29",5.6,"",-2.9,"",1.2,"",-3.4,"",.0,"9","",2,""
"249200490","MUSZYNA","2001","03","30",12.6,"",3.1,"",6.9,"",2.0,"",.0,"9","",0,"9"
"249200490","MUSZYNA","2001","03","31",12.7,"",-1.9,"",4.6,"",-5.5,"",.0,"9","",0,"9"
"249200510","PORONIN","2001","03","01",3.1,"",-6.9,"",-1.2,"",.0,"8",2.8,"","S",33,""
"249200510","PORONIN","2001","03","02",3.7,"",-12.7,"",-6.7,"",.0,"8",.0,"","W",36,""
"249200510","PORONIN","2001","03","03",4.7,"",-12.6,"",-2.4,"",.0,"8",.0,"9","",34,""
"249200510","PORONIN","2001","03","04",10.9,"",.6,"",4.6,"",.0,"8",3.4,"","S",28,""
"249200510","PORONIN","2001","03","05",6.4,"",-1.5,"",1.1,"",.0,"8",5.5,"","S",23,""
"249200510","PORONIN","2001","03","06",4.7,"",-4.5,"",-1.8,"",.0,"8",.0,"9","",25,""
"249200510","PORONIN","2001","03","07",7.2,"",-9.7,"",-2.9,"",.0,"8",.0,"9","",23,""
"249200510","PORONIN","2001","03","08",8.2,"",-6.1,"",-.3,"",.0,"8",.0,"9","",20,""
"249200510","PORONIN","2001","03","09",12.8,"",-3.4,"",2.9,"",.0,"8",.1,"","W",17,""
"249200510","PORONIN","2001","03","10",8.7,"",.6,"",3.2,"",.0,"8",.0,"","W",17,""
"249200510","PORONIN","2001","03","11",10.3,"",-2.5,"",2.7,"",.0,"8",.0,"9","",17,""
"249200510","PORONIN","2001","03","12",12.7,"",.6,"",4.6,"",.0,"8",.0,"9","",12,""
"249200510","PORONIN","2001","03","13",13.4,"",.3,"",6.7,"",.0,"8",10.2,"","S",6,""
"249200510","PORONIN","2001","03","14",6.2,"",-1.4,"",1.1,"",.0,"8",.6,"","S",0,"9"
"249200510","PORONIN","2001","03","15",7.7,"",-3.1,"",1.6,"",.0,"8",.7,"","S",0,"9"
"249200510","PORONIN","2001","03","16",9.3,"",-2.5,"",2.6,"",.0,"8",.1,"","W",0,"9"
"249200510","PORONIN","2001","03","17",11.3,"",-2.1,"",3.9,"",.0,"8",.1,"","W",0,"9"
"249200510","PORONIN","2001","03","18",8.8,"",1.1,"",4.6,"",.0,"8",3.4,"","S",0,"9"
"249200510","PORONIN","2001","03","19",11.3,"",-.8,"",4.1,"",.0,"8",1.1,"","S",0,"9"
"249200510","PORONIN","2001","03","20",4.6,"",-2.8,"",-.7,"",.0,"8",.2,"","S",0,"9"
"249200510","PORONIN","2001","03","21",1.6,"",-6.4,"",-2.9,"",.0,"8",1.4,"","S",0,"9"
"249200510","PORONIN","2001","03","22",5.4,"",-3.3,"",.5,"",.0,"8",.9,"","W",3,""
"249200510","PORONIN","2001","03","23",5.4,"",-.4,"",2.2,"",.0,"8",6.7,"","S",0,"9"
"249200510","PORONIN","2001","03","24",10.9,"",.3,"",4.3,"",.0,"8",8.5,"","W",3,""
"249200510","PORONIN","2001","03","25",10.3,"",4.2,"",6.4,"",.0,"8",8.9,"","W",0,"9"
"249200510","PORONIN","2001","03","26",6.7,"",-3.0,"",.6,"",.0,"8",5.5,"","S",0,"9"
"249200510","PORONIN","2001","03","27",-2.5,"",-5.4,"",-4.5,"",.0,"8",.3,"","S",0,"9"
"249200510","PORONIN","2001","03","28",-3.3,"",-5.9,"",-4.9,"",.0,"8",.3,"","S",1,""
"249200510","PORONIN","2001","03","29",6.4,"",-9.9,"",-2.5,"",.0,"8",.0,"9","",0,"9"
"249200510","PORONIN","2001","03","30",10.8,"",-3.8,"",2.3,"",.0,"8",.0,"9","",0,"9"
"249200510","PORONIN","2001","03","31",8.2,"",-2.7,"",2.7,"",.0,"8",.0,"9","",0,"9"
"249200540","HALA G¥SIENICOWA","2001","03","01",-.7,"",-4.4,"",-2.7,"",-12.0,"",2.2,"","S",68,""
"249200540","HALA G¥SIENICOWA","2001","03","02",-2.4,"",-9.2,"",-6.1,"",-14.8,"",.5,"","S",72,""
"249200540","HALA G¥SIENICOWA","2001","03","03",4.2,"",-6.4,"",-.3,"",-11.2,"",1.0,"","S",69,""
"249200540","HALA G¥SIENICOWA","2001","03","04",4.1,"",-.7,"",2.0,"",-2.2,"",6.1,"","S",64,""
"249200540","HALA G¥SIENICOWA","2001","03","05",2.7,"",-7.0,"",-3.1,"",-7.7,"",12.3,"","S",62,""
"249200540","HALA G¥SIENICOWA","2001","03","06",-1.7,"",-10.6,"",-6.8,"",-15.3,"",.0,"9","",74,""
"249200540","HALA G¥SIENICOWA","2001","03","07",.4,"",-6.7,"",-3.0,"",-14.2,"",.0,"9","",69,""
"249200540","HALA G¥SIENICOWA","2001","03","08",7.0,"",-2.2,"",3.3,"",-7.5,"",.0,"9","",66,""
"249200540","HALA G¥SIENICOWA","2001","03","09",6.5,"",1.5,"",4.0,"",-2.3,"",1.7,"","W",57,""
"249200540","HALA G¥SIENICOWA","2001","03","10",4.1,"",.4,"",1.7,"",-2.8,"",.1,"","S",50,""
"249200540","HALA G¥SIENICOWA","2001","03","11",5.0,"",-.1,"",2.3,"",-5.4,"",.0,"","W",49,""
"249200540","HALA G¥SIENICOWA","2001","03","12",6.5,"",1.6,"",3.7,"",-2.3,"",.0,"","W",45,""
"249200540","HALA G¥SIENICOWA","2001","03","13",7.2,"",-.3,"",2.8,"",-1.2,"",8.8,"","S",40,""
"249200540","HALA G¥SIENICOWA","2001","03","14",.1,"",-4.1,"",-2.5,"",-9.7,"",.6,"","S",43,""
"249200540","HALA G¥SIENICOWA","2001","03","15",.5,"",-4.9,"",-2.0,"",-9.6,"",3.1,"","S",41,""
"249200540","HALA G¥SIENICOWA","2001","03","16",4.0,"",-7.6,"",-1.5,"",-11.7,"",.0,"9","",41,""
"249200540","HALA G¥SIENICOWA","2001","03","17",8.1,"",1.7,"",3.9,"",-2.7,"",1.9,"","W",37,""
"249200540","HALA G¥SIENICOWA","2001","03","18",4.6,"",-1.6,"",1.5,"",-2.2,"",2.4,"","S",34,""
"249200540","HALA G¥SIENICOWA","2001","03","19",4.1,"",-.7,"",1.1,"",-4.8,"",1.7,"","S",34,""
"249200540","HALA G¥SIENICOWA","2001","03","20",-.4,"",-10.6,"",-7.5,"",-12.4,"",.6,"","S",32,""
"249200540","HALA G¥SIENICOWA","2001","03","21",-3.2,"",-10.9,"",-6.3,"",-15.8,"",1.4,"","S",33,""
"249200540","HALA G¥SIENICOWA","2001","03","22",.6,"",-6.5,"",-3.1,"",-7.9,"",2.1,"","S",34,""
"249200540","HALA G¥SIENICOWA","2001","03","23",1.1,"",-2.6,"",-1.0,"",-5.8,"",3.1,"","S",36,""
"249200540","HALA G¥SIENICOWA","2001","03","24",4.6,"",-1.8,"",1.7,"",-2.7,"",6.1,"","W",34,""
"249200540","HALA G¥SIENICOWA","2001","03","25",7.1,"",2.6,"",4.1,"",-.8,"",7.7,"","S",26,""
"249200540","HALA G¥SIENICOWA","2001","03","26",2.9,"",-6.4,"",-2.4,"",-7.1,"",5.3,"","S",26,""
"249200540","HALA G¥SIENICOWA","2001","03","27",-6.1,"",-10.3,"",-8.9,"",-11.2,"",.2,"","S",27,""
"249200540","HALA G¥SIENICOWA","2001","03","28",-7.6,"",-12.0,"",-10.2,"",-13.7,"",.5,"","S",27,""
"249200540","HALA G¥SIENICOWA","2001","03","29",2.9,"",-13.1,"",-3.0,"",-16.8,"",.2,"","S",29,""
"249200540","HALA G¥SIENICOWA","2001","03","30",3.7,"",-1.1,"",1.0,"",-4.8,"",.0,"9","",26,""
"249200540","HALA G¥SIENICOWA","2001","03","31",2.9,"",-1.8,"",.7,"",-6.0,"",.0,"","W",24,""
"249200550","DOLINA PIÊCIU STAWÓW","2001","03","01",-1.2,"",-8.2,"",-4.7,"",.0,"8",4.5,"","S",115,""
"249200550","DOLINA PIÊCIU STAWÓW","2001","03","02",-4.8,"",-9.2,"",-7.3,"",.0,"8",2.6,"","S",120,""
"249200550","DOLINA PIÊCIU STAWÓW","2001","03","03",2.7,"",-8.2,"",-2.0,"",.0,"8",2.3,"","S",122,""
"249200550","DOLINA PIÊCIU STAWÓW","2001","03","04",2.9,"",.0,"",1.3,"",.0,"8",8.4,"","S",120,""
"249200550","DOLINA PIÊCIU STAWÓW","2001","03","05",1.9,"",-7.8,"",-3.9,"",.0,"8",13.8,"","S",118,""
"249200550","DOLINA PIÊCIU STAWÓW","2001","03","06",-3.2,"",-11.7,"",-7.7,"",.0,"8",.0,"9","",128,""
"249200550","DOLINA PIÊCIU STAWÓW","2001","03","07",-1.2,"",-6.8,"",-4.3,"",.0,"8",.0,"9","",125,""
"249200550","DOLINA PIÊCIU STAWÓW","2001","03","08",5.4,"",-5.3,"",.4,"",.0,"8",.0,"9","",123,""
"249200550","DOLINA PIÊCIU STAWÓW","2001","03","09",5.4,"",-1.5,"",2.3,"",.0,"8",3.9,"","S",120,""
"249200550","DOLINA PIÊCIU STAWÓW","2001","03","10",2.4,"",-1.0,"",.4,"",.0,"8",.9,"","S",115,""
"249200550","DOLINA PIÊCIU STAWÓW","2001","03","11",2.4,"",-1.9,"",.5,"",.0,"8",.0,"","W",115,""
"249200550","DOLINA PIÊCIU STAWÓW","2001","03","12",5.9,"",-.5,"",2.2,"",.0,"8",.0,"9","",113,""
"249200550","DOLINA PIÊCIU STAWÓW","2001","03","13",5.9,"",-1.3,"",1.8,"",.0,"8",10.8,"","S",107,""
"249200550","DOLINA PIÊCIU STAWÓW","2001","03","14",.9,"",-5.3,"",-2.9,"",.0,"8",.1,"","S",105,""
"249200550","DOLINA PIÊCIU STAWÓW","2001","03","15",-2.2,"",-5.8,"",-4.0,"",.0,"8",4.1,"","S",102,""
"249200550","DOLINA PIÊCIU STAWÓW","2001","03","16",1.4,"",-8.0,"",-2.9,"",.0,"8",.4,"","W",106,""
"249200550","DOLINA PIÊCIU STAWÓW","2001","03","17",7.4,"",.0,"",2.8,"",.0,"8",3.5,"","W",101,""
"249200550","DOLINA PIÊCIU STAWÓW","2001","03","18",3.9,"",-1.9,"",.9,"",.0,"8",2.8,"","S",95,""
"249200550","DOLINA PIÊCIU STAWÓW","2001","03","19",2.4,"",-2.8,"",-.5,"",.0,"8",3.7,"","S",94,""
"249200550","DOLINA PIÊCIU STAWÓW","2001","03","20",-2.0,"",-10.7,"",-8.0,"",.0,"8",.1,"","S",94,""
"249200550","DOLINA PIÊCIU STAWÓW","2001","03","21",-2.7,"",-10.2,"",-6.6,"",.0,"8",2.0,"","S",94,""
"249200550","DOLINA PIÊCIU STAWÓW","2001","03","22",1.9,"",-8.2,"",-3.7,"",.0,"8",2.6,"","S",97,""
"249200550","DOLINA PIÊCIU STAWÓW","2001","03","23",1.4,"",-5.3,"",-1.9,"",.0,"8",4.7,"","S",98,""
"249200550","DOLINA PIÊCIU STAWÓW","2001","03","24",2.4,"",-2.9,"",.4,"",.0,"8",9.5,"","S",100,""
"249200550","DOLINA PIÊCIU STAWÓW","2001","03","25",5.4,"",.5,"",3.1,"",.0,"8",4.6,"","S",89,""
"249200550","DOLINA PIÊCIU STAWÓW","2001","03","26",2.4,"",-6.8,"",-2.7,"",.0,"8",3.3,"","S",88,""
"249200550","DOLINA PIÊCIU STAWÓW","2001","03","27",-4.2,"",-11.7,"",-9.3,"",.0,"8",.1,"","S",87,""
"249200550","DOLINA PIÊCIU STAWÓW","2001","03","28",-7.3,"",-13.6,"",-11.3,"",.0,"8",.3,"","S",86,""
"249200550","DOLINA PIÊCIU STAWÓW","2001","03","29",.9,"",-12.6,"",-4.2,"",.0,"8",.2,"","S",86,""
"249200550","DOLINA PIÊCIU STAWÓW","2001","03","30",.9,"",-2.9,"",-1.0,"",.0,"8",.0,"9","",85,""
"249200550","DOLINA PIÊCIU STAWÓW","2001","03","31",1.9,"",-3.4,"",-.6,"",.0,"8",.0,"9","",80,""
"249210070","BIECZ-GRUDNA","2001","03","01",2.6,"",-1.2,"",.9,"",.0,"8",1.9,"","W",3,""
"249210070","BIECZ-GRUDNA","2001","03","02",5.2,"",-4.2,"",.1,"",.0,"8",.0,"","W",2,""
"249210070","BIECZ-GRUDNA","2001","03","03",3.0,"",-1.5,"",.9,"",.0,"8",.1,"","W",2,""
"249210070","BIECZ-GRUDNA","2001","03","04",10.5,"",1.0,"",5.1,"",.0,"8",3.4,"","W",1,""
"249210070","BIECZ-GRUDNA","2001","03","05",7.3,"",.6,"",3.0,"",.0,"8",3.5,"","S",0,"9"
"249210070","BIECZ-GRUDNA","2001","03","06",5.2,"",-1.7,"",.5,"",.0,"8",.0,"9","",0,"9"
"249210070","BIECZ-GRUDNA","2001","03","07",10.9,"",-5.2,"",1.6,"",.0,"8",.0,"9","",0,"9"
"249210070","BIECZ-GRUDNA","2001","03","08",8.5,"",3.3,"",6.0,"",.0,"8",.0,"9","",0,"9"
"249210070","BIECZ-GRUDNA","2001","03","09",11.5,"",6.6,"",8.7,"",.0,"8",2.2,"","W",0,"9"
"249210070","BIECZ-GRUDNA","2001","03","10",13.0,"",6.0,"",8.5,"",.0,"8",.8,"","W",0,"9"
"249210070","BIECZ-GRUDNA","2001","03","11",14.5,"",-.2,"",6.5,"",.0,"8",1.3,"","W",0,"9"
"249210070","BIECZ-GRUDNA","2001","03","12",15.0,"",3.9,"",9.7,"",.0,"8",.0,"9","",0,"9"
"249210070","BIECZ-GRUDNA","2001","03","13",14.2,"",7.4,"",10.0,"",.0,"8",9.0,"","W",0,"9"
"249210070","BIECZ-GRUDNA","2001","03","14",10.7,"",4.0,"",6.4,"",.0,"8",.0,"9","",0,"9"
"249210070","BIECZ-GRUDNA","2001","03","15",10.4,"",-1.0,"",4.2,"",.0,"8",5.2,"","W",0,"9"
"249210070","BIECZ-GRUDNA","2001","03","16",10.0,"",1.6,"",5.8,"",.0,"8",.0,"9","",0,"9"
"249210070","BIECZ-GRUDNA","2001","03","17",12.0,"",5.5,"",8.4,"",.0,"8",5.7,"","W",0,"9"
"249210070","BIECZ-GRUDNA","2001","03","18",8.0,"",2.0,"",3.9,"",.0,"8",3.7,"","W",0,"9"
"249210070","BIECZ-GRUDNA","2001","03","19",12.3,"",-.2,"",5.1,"",.0,"8",5.0,"","W",0,"9"
"249210070","BIECZ-GRUDNA","2001","03","20",6.7,"",.1,"",2.0,"",.0,"8",.0,"","W",0,"9"
"249210070","BIECZ-GRUDNA","2001","03","21",2.0,"",-3.7,"",-1.2,"",.0,"8",.0,"9","",0,"9"
"249210070","BIECZ-GRUDNA","2001","03","22",6.9,"",-4.6,"",.8,"",.0,"8",.0,"9","",0,"9"
"249210070","BIECZ-GRUDNA","2001","03","23",3.6,"",1.6,"",2.4,"",.0,"8",6.0,"","S",0,"9"
"249210070","BIECZ-GRUDNA","2001","03","24",8.5,"",.3,"",4.4,"",.0,"8",5.4,"","S",0,"9"
"249210070","BIECZ-GRUDNA","2001","03","25",8.0,"",4.0,"",5.6,"",.0,"8",12.1,"","S",0,"9"
"249210070","BIECZ-GRUDNA","2001","03","26",4.4,"",-1.6,"",.3,"",.0,"8",1.4,"","S",0,""
"249210070","BIECZ-GRUDNA","2001","03","27",-1.2,"",-2.8,"",-2.1,"",.0,"8",.6,"","S",0,"9"
"249210070","BIECZ-GRUDNA","2001","03","28",-1.2,"",-2.8,"",-2.2,"",.0,"8",1.1,"","S",0,""
"249210070","BIECZ-GRUDNA","2001","03","29",6.9,"",-3.6,"",.9,"",.0,"8",.0,"9","",0,"9"
"249210070","BIECZ-GRUDNA","2001","03","30",13.7,"",.2,"",6.3,"",.0,"8",.0,"9","",0,"9"
"249210070","BIECZ-GRUDNA","2001","03","31",13.2,"",-1.8,"",4.9,"",.0,"8",.0,"9","",0,"9"
"249210140","DUKLA","2001","03","01",2.3,"",-2.6,"",.3,"",-3.7,"",3.4,"","W",9,""
"249210140","DUKLA","2001","03","02",2.1,"",-1.6,"",.1,"",-3.2,"",2.3,"","S",6,""
"249210140","DUKLA","2001","03","03",3.1,"",-1.4,"",1.2,"",-1.9,"",1.3,"","S",5,""
"249210140","DUKLA","2001","03","04",9.3,"",.3,"",5.2,"",-.4,"",1.6,"","W",0,"9"
"249210140","DUKLA","2001","03","05",9.1,"",-.5,"",3.3,"",-.6,"",6.7,"","S",0,"9"
"249210140","DUKLA","2001","03","06",6.1,"",-3.2,"",.5,"",-3.6,"",.0,"9","",0,""
"249210140","DUKLA","2001","03","07",8.9,"",-4.3,"",2.4,"",-6.7,"",.0,"9","",0,"9"
"249210140","DUKLA","2001","03","08",8.3,"",1.8,"",4.9,"",.2,"",.0,"9","",0,"9"
"249210140","DUKLA","2001","03","09",9.9,"",5.4,"",7.3,"",3.4,"",.0,"","W",0,"9"
"249210140","DUKLA","2001","03","10",12.3,"",5.7,"",8.5,"",4.9,"",.0,"9","",0,"9"
"249210140","DUKLA","2001","03","11",13.9,"",4.6,"",8.4,"",2.0,"",1.1,"","W",0,"9"
"249210140","DUKLA","2001","03","12",15.1,"",6.8,"",10.4,"",4.9,"",.0,"9","",0,"9"
"249210140","DUKLA","2001","03","13",13.5,"",6.8,"",9.7,"",5.8,"",15.8,"","W",0,"9"
"249210140","DUKLA","2001","03","14",10.3,"",2.7,"",5.6,"",2.3,"",.5,"","W",0,"9"
"249210140","DUKLA","2001","03","15",10.3,"",-2.6,"",3.2,"",-4.1,"",2.6,"","W",0,"9"
"249210140","DUKLA","2001","03","16",10.5,"",-.1,"",5.1,"",-.3,"",.0,"","W",0,"9"
"249210140","DUKLA","2001","03","17",13.1,"",5.7,"",9.0,"",3.9,"",8.4,"","W",0,"9"
"249210140","DUKLA","2001","03","18",10.3,"",.5,"",4.3,"",-.8,"",4.4,"","W",0,"9"
"249210140","DUKLA","2001","03","19",10.1,"",-.1,"",4.8,"",-1.7,"",.8,"","W",0,"9"
"249210140","DUKLA","2001","03","20",6.5,"",-1.4,"",1.4,"",-2.7,"",.1,"","S",0,"9"
"249210140","DUKLA","2001","03","21",1.1,"",-6.0,"",-2.4,"",-7.7,"",.0,"9","",0,"9"
"249210140","DUKLA","2001","03","22",7.9,"",-7.4,"",-.3,"",-8.9,"",.0,"9","",0,"9"
"249210140","DUKLA","2001","03","23",4.3,"",-1.6,"",1.6,"",-4.6,"",5.9,"","S",0,"9"
"249210140","DUKLA","2001","03","24",6.9,"",-1.1,"",3.1,"",-1.7,"",4.2,"","W",0,""
"249210140","DUKLA","2001","03","25",9.1,"",3.8,"",6.5,"",3.4,"",13.0,"","S",0,"9"
"249210140","DUKLA","2001","03","26",5.3,"",-2.2,"",.2,"",-2.7,"",2.4,"","S",0,""
"249210140","DUKLA","2001","03","27",-.6,"",-4.3,"",-2.9,"",-4.8,"",.0,"","W",0,""
"249210140","DUKLA","2001","03","28",-1.2,"",-4.7,"",-2.8,"",-5.0,"",1.2,"","S",0,""
"249210140","DUKLA","2001","03","29",6.7,"",-5.7,"",.8,"",-7.9,"",.0,"","W",0,""
"249210140","DUKLA","2001","03","30",13.7,"",1.8,"",6.8,"",-.3,"",.0,"9","",0,"9"
"249210140","DUKLA","2001","03","31",14.3,"",-1.5,"",6.1,"",-3.6,"",.0,"9","",0,"9"
"249210230","WYSOWA","2001","03","01",-.3,"",-5.5,"",-2.4,"",.0,"8",2.4,"","S",30,""
"249210230","WYSOWA","2001","03","02",.5,"",-5.7,"",-2.7,"",.0,"8",.0,"9","",32,""
"249210230","WYSOWA","2001","03","03",2.9,"",-5.1,"",-1.3,"",.0,"8",.0,"","W",28,""
"249210230","WYSOWA","2001","03","04",6.0,"",-.7,"",2.5,"",.0,"8",1.6,"","W",20,""
"249210230","WYSOWA","2001","03","05",4.0,"",-1.2,"",1.1,"",.0,"8",4.8,"","S",10,""
"249210230","WYSOWA","2001","03","06",2.9,"",-5.5,"",-2.7,"",.0,"8",.0,"9","",7,""
"249210230","WYSOWA","2001","03","07",7.8,"",-5.1,"",.3,"",.0,"8",.0,"9","",5,""
"249210230","WYSOWA","2001","03","08",6.3,"",-.1,"",2.8,"",.0,"8",.0,"9","",5,""
"249210230","WYSOWA","2001","03","09",7.8,"",.7,"",3.7,"",.0,"8",.6,"","W",0,"9"
"249210230","WYSOWA","2001","03","10",9.7,"",1.1,"",4.8,"",.0,"8",.0,"9","",0,"9"
"249210230","WYSOWA","2001","03","11",10.1,"",1.1,"",4.9,"",.0,"8",.3,"","W",0,"9"
"249210230","WYSOWA","2001","03","12",11.3,"",1.6,"",5.6,"",.0,"8",.0,"9","",0,"9"
"249210230","WYSOWA","2001","03","13",10.5,"",1.6,"",5.7,"",.0,"8",15.0,"","W",0,"9"
"249210230","WYSOWA","2001","03","14",9.4,"",1.6,"",4.3,"",.0,"8",.0,"9","",0,"9"
"249210230","WYSOWA","2001","03","15",8.8,"",-3.8,"",2.5,"",.0,"8",.7,"","W",0,"9"
"249210230","WYSOWA","2001","03","16",9.1,"",-.1,"",4.0,"",.0,"8",3.3,"","W",0,"9"
"249210230","WYSOWA","2001","03","17",9.9,"",1.1,"",5.3,"",.0,"8",4.1,"","W",0,"9"
"249210230","WYSOWA","2001","03","18",7.8,"",.7,"",3.4,"",.0,"8",5.1,"","W",0,"9"
"249210230","WYSOWA","2001","03","19",8.8,"",-.1,"",3.3,"",.0,"8",3.7,"","W",0,"9"
"249210230","WYSOWA","2001","03","20",3.8,"",-2.4,"",-.4,"",.0,"8",.0,"","W",0,"9"
"249210230","WYSOWA","2001","03","21",2.9,"",-5.5,"",-1.8,"",.0,"8",.0,"9","",0,"9"
"249210230","WYSOWA","2001","03","22",4.0,"",-6.8,"",-1.2,"",.0,"8",.0,"9","",0,"9"
"249210230","WYSOWA","2001","03","23",4.2,"",.7,"",2.1,"",.0,"8",.7,"","S",0,"9"
"249210230","WYSOWA","2001","03","24",5.0,"",-.5,"",2.4,"",.0,"8",3.6,"","W",0,"9"
"249210230","WYSOWA","2001","03","25",8.3,"",3.3,"",4.9,"",.0,"8",7.8,"","S",0,"9"
"249210230","WYSOWA","2001","03","26",4.0,"",-4.4,"",-1.2,"",.0,"8",1.7,"","S",1,""
"249210230","WYSOWA","2001","03","27",-3.2,"",-5.8,"",-4.8,"",.0,"8",.0,"","W",3,""
"249210230","WYSOWA","2001","03","28",-3.2,"",-6.0,"",-4.7,"",.0,"8",1.3,"","S",3,""
"249210230","WYSOWA","2001","03","29",4.4,"",-5.7,"",-.5,"",.0,"8",.0,"9","",4,""
"249210230","WYSOWA","2001","03","30",9.7,"",.7,"",4.7,"",.0,"8",.0,"9","",0,"9"
"249210230","WYSOWA","2001","03","31",10.9,"",-.6,"",4.8,"",.0,"8",.0,"9","",0,"9"
"249210240","BARWINEK","2001","03","01",1.8,"",-3.0,"",-.3,"",.0,"8",3.0,"","S",17,""
"249210240","BARWINEK","2001","03","02",.7,"",-1.9,"",-.9,"",.0,"8",.5,"","S",16,""
"249210240","BARWINEK","2001","03","03",2.2,"",-.9,"",.5,"",.0,"8",1.8,"","S",15,""
"249210240","BARWINEK","2001","03","04",8.1,"",1.2,"",4.8,"",.0,"8",3.3,"","W",10,""
"249210240","BARWINEK","2001","03","05",7.1,"",-.4,"",2.2,"",.0,"8",4.5,"","S",4,""
"249210240","BARWINEK","2001","03","06",5.1,"",-3.8,"",-1.3,"",.0,"8",.0,"9","",0,"9"
"249210240","BARWINEK","2001","03","07",7.4,"",-4.8,"",1.5,"",.0,"8",.0,"9","",0,"9"
"249210240","BARWINEK","2001","03","08",7.1,"",1.0,"",3.5,"",.0,"8",.0,"9","",0,"9"
"249210240","BARWINEK","2001","03","09",8.3,"",4.9,"",6.2,"",.0,"8",.0,"","W",0,"9"
"249210240","BARWINEK","2001","03","10",10.9,"",5.5,"",7.4,"",.0,"8",.0,"9","",0,"9"
"249210240","BARWINEK","2001","03","11",11.3,"",3.0,"",7.1,"",.0,"8",.2,"","W",0,"9"
"249210240","BARWINEK","2001","03","12",12.7,"",2.9,"",8.0,"",.0,"8",.0,"9","",0,"9"
"249210240","BARWINEK","2001","03","13",11.5,"",5.9,"",8.0,"",.0,"8",17.2,"","W",0,"9"
"249210240","BARWINEK","2001","03","14",9.9,"",3.0,"",5.0,"",.0,"8",.0,"9","",0,"9"
"249210240","BARWINEK","2001","03","15",9.3,"",-2.7,"",3.6,"",.0,"8",2.3,"","W",0,"9"
"249210240","BARWINEK","2001","03","16",9.3,"",.6,"",4.8,"",.0,"8",1.2,"","W",0,"9"
"249210240","BARWINEK","2001","03","17",10.5,"",5.2,"",7.7,"",.0,"8",2.1,"","W",0,"9"
"249210240","BARWINEK","2001","03","18",9.3,"",1.5,"",3.9,"",.0,"8",4.5,"","W",0,"9"
"249210240","BARWINEK","2001","03","19",8.1,"",-1.1,"",3.4,"",.0,"8",2.8,"","W",0,"9"
"249210240","BARWINEK","2001","03","20",5.1,"",-1.6,"",.8,"",.0,"8",.0,"","W",0,"9"
"249210240","BARWINEK","2001","03","21",2.0,"",-6.2,"",-2.2,"",.0,"8",.0,"9","",0,"9"
"249210240","BARWINEK","2001","03","22",8.1,"",-6.8,"",-.2,"",.0,"8",.0,"9","",0,"9"
"249210240","BARWINEK","2001","03","23",4.7,"",-1.9,"",1.8,"",.0,"8",4.5,"","S",0,"9"
"249210240","BARWINEK","2001","03","24",5.9,"",.4,"",3.0,"",.0,"8",9.2,"","W",0,""
"249210240","BARWINEK","2001","03","25",9.5,"",.7,"",5.9,"",.0,"8",9.0,"","S",0,"9"
"249210240","BARWINEK","2001","03","26",5.9,"",-2.2,"",.2,"",.0,"8",1.0,"","S",0,""
"249210240","BARWINEK","2001","03","27",-1.6,"",-4.2,"",-3.5,"",.0,"8",.0,"","S",0,""
"249210240","BARWINEK","2001","03","28",-2.7,"",-4.2,"",-3.6,"",.0,"8",.2,"","S",1,""
"249210240","BARWINEK","2001","03","29",5.5,"",-5.9,"",.8,"",.0,"8",.0,"","W",1,""
"249210240","BARWINEK","2001","03","30",12.8,"",4.2,"",6.7,"",.0,"8",.0,"9","",0,"9"
"249210240","BARWINEK","2001","03","31",14.0,"",-3.2,"",5.8,"",.0,"8",.0,"9","",0,"9"
"249220040","DYNÓW","2001","03","01",4.9,"",-5.7,"",.3,"",-9.4,"",.0,"9","",10,""
"249220040","DYNÓW","2001","03","02",5.3,"",-.1,"",1.5,"",-3.8,"",.0,"","W",5,""
"249220040","DYNÓW","2001","03","03",3.3,"",-.3,"",1.5,"",-2.8,"",.0,"","W",0,"9"
"249220040","DYNÓW","2001","03","04",12.2,"",1.4,"",5.9,"",.0,"",1.3,"","W",0,"9"
"249220040","DYNÓW","2001","03","05",8.0,"",.9,"",3.5,"",-.9,"",6.8,"","S",0,"9"
"249220040","DYNÓW","2001","03","06",5.7,"",-3.1,"",-.1,"",-5.7,"",.0,"9","",0,"9"
"249220040","DYNÓW","2001","03","07",10.3,"",-6.4,"",.4,"",-10.4,"",.0,"9","",0,"9"
"249220040","DYNÓW","2001","03","08",10.1,"",-.6,"",5.3,"",-4.7,"",.0,"9","",0,"9"
"249220040","DYNÓW","2001","03","09",12.2,"",6.3,"",9.4,"",3.5,"",.0,"9","",0,"9"
"249220040","DYNÓW","2001","03","10",14.2,"",7.3,"",10.0,"",4.0,"",.0,"9","",0,"9"
"249220040","DYNÓW","2001","03","11",15.0,"",-1.1,"",6.5,"",-2.8,"",1.6,"","W",0,"9"
"249220040","DYNÓW","2001","03","12",16.2,"",4.8,"",10.2,"",2.0,"",.0,"9","",0,"9"
"249220040","DYNÓW","2001","03","13",16.2,"",9.1,"",11.9,"",6.0,"",9.5,"","W",0,"9"
"249220040","DYNÓW","2001","03","14",11.1,"",4.6,"",6.8,"",4.0,"",.4,"","W",0,"9"
"249220040","DYNÓW","2001","03","15",10.1,"",-2.6,"",3.1,"",-4.7,"",8.3,"","W",0,"9"
"249220040","DYNÓW","2001","03","16",10.1,"",.4,"",5.6,"",-1.4,"",.4,"","W",0,"9"
"249220040","DYNÓW","2001","03","17",11.9,"",6.3,"",8.4,"",2.0,"",16.8,"","W",0,"9"
"249220040","DYNÓW","2001","03","18",8.3,"",1.9,"",4.0,"",1.5,"",4.3,"","W",0,"9"
"249220040","DYNÓW","2001","03","19",10.6,"",-2.1,"",3.5,"",-3.8,"",9.2,"","W",0,"9"
"249220040","DYNÓW","2001","03","20",5.0,"",-1.6,"",1.5,"",-2.8,"",.0,"","W",0,"9"
"249220040","DYNÓW","2001","03","21",1.8,"",-4.1,"",-1.5,"",-6.6,"",.0,"9","",0,"9"
"249220040","DYNÓW","2001","03","22",5.4,"",-5.4,"",-.4,"",-6.6,"",.0,"9","",0,"9"
"249220040","DYNÓW","2001","03","23",3.3,"",-3.6,"",.4,"",-5.2,"",1.6,"","S",0,"9"
"249220040","DYNÓW","2001","03","24",6.4,"",.1,"",3.4,"",-.9,"",1.5,"","W",0,""
"249220040","DYNÓW","2001","03","25",7.2,"",3.3,"",4.8,"",2.0,"",16.4,"","S",0,"9"
"249220040","DYNÓW","2001","03","26",4.6,"",-1.6,"",.5,"",-2.8,"",4.7,"","S",0,""
"249220040","DYNÓW","2001","03","27",-1.1,"",-2.9,"",-2.2,"",-4.2,"",.0,"","W",0,""
"249220040","DYNÓW","2001","03","28",-.8,"",-3.1,"",-2.1,"",-5.2,"",.4,"","S",0,"9"
"249220040","DYNÓW","2001","03","29",4.9,"",-3.3,"",.8,"",-5.0,"",.0,"9","",0,""
"249220040","DYNÓW","2001","03","30",11.1,"",.1,"",3.8,"",-1.9,"",.0,"9","",0,"9"
"249220040","DYNÓW","2001","03","31",13.7,"",-.6,"",5.8,"",-2.8,"",.0,"9","",0,"9"
"249220080","SANOK-TREPCZA","2001","03","01",4.5,"",-2.1,"",1.8,"",.0,"8",.0,"9","",5,""
"249220080","SANOK-TREPCZA","2001","03","02",3.4,"",.4,"",1.5,"",.0,"8",.0,"9","",2,""
"249220080","SANOK-TREPCZA","2001","03","03",4.5,"",.9,"",2.7,"",.0,"8",.6,"","W",1,""
"249220080","SANOK-TREPCZA","2001","03","04",11.6,"",1.6,"",6.2,"",.0,"8",2.6,"","W",0,"9"
"249220080","SANOK-TREPCZA","2001","03","05",9.8,"",1.0,"",4.2,"",.0,"8",6.5,"","W",0,"9"
"249220080","SANOK-TREPCZA","2001","03","06",6.6,"",-1.6,"",1.4,"",.0,"8",.0,"9","",0,"9"
"249220080","SANOK-TREPCZA","2001","03","07",9.8,"",-4.6,"",1.5,"",.0,"8",.0,"9","",0,"9"
"249220080","SANOK-TREPCZA","2001","03","08",9.3,"",1.9,"",5.6,"",.0,"8",.0,"9","",0,"9"
"249220080","SANOK-TREPCZA","2001","03","09",10.8,"",6.8,"",9.0,"",.0,"8",.0,"9","",0,"9"
"249220080","SANOK-TREPCZA","2001","03","10",13.2,"",7.5,"",9.6,"",.0,"8",.0,"9","",0,"9"
"249220080","SANOK-TREPCZA","2001","03","11",14.4,"",1.9,"",7.4,"",.0,"8",.4,"","W",0,"9"
"249220080","SANOK-TREPCZA","2001","03","12",15.3,"",5.8,"",10.3,"",.0,"8",.0,"9","",0,"9"
"249220080","SANOK-TREPCZA","2001","03","13",15.9,"",8.2,"",11.3,"",.0,"8",16.4,"","W",0,"9"
"249220080","SANOK-TREPCZA","2001","03","14",11.3,"",4.6,"",6.8,"",.0,"8",.0,"9","",0,"9"
"249220080","SANOK-TREPCZA","2001","03","15",10.0,"",-1.1,"",4.4,"",.0,"8",4.0,"","W",0,"9"
"249220080","SANOK-TREPCZA","2001","03","16",10.8,"",1.2,"",5.6,"",.0,"8",.0,"9","",0,"9"
"249220080","SANOK-TREPCZA","2001","03","17",13.2,"",7.7,"",9.5,"",.0,"8",17.0,"","W",0,"9"
"249220080","SANOK-TREPCZA","2001","03","18",9.2,"",2.0,"",4.9,"",.0,"8",5.8,"","W",0,"9"
"249220080","SANOK-TREPCZA","2001","03","19",11.3,"",-.1,"",4.7,"",.0,"8",2.8,"","W",0,"9"
"249220080","SANOK-TREPCZA","2001","03","20",5.6,"",.0,"",2.1,"",.0,"8",.0,"","W",0,"9"
"249220080","SANOK-TREPCZA","2001","03","21",2.0,"",-3.9,"",-1.5,"",.0,"8",.0,"9","",0,"9"
"249220080","SANOK-TREPCZA","2001","03","22",6.7,"",-4.3,"",.4,"",.0,"8",.0,"9","",0,"9"
"249220080","SANOK-TREPCZA","2001","03","23",3.7,"",-1.8,"",1.1,"",.0,"8",3.8,"","W",0,"9"
"249220080","SANOK-TREPCZA","2001","03","24",7.8,"",.7,"",4.3,"",.0,"8",4.0,"","W",0,"9"
"249220080","SANOK-TREPCZA","2001","03","25",8.8,"",6.6,"",7.4,"",.0,"8",17.0,"","S",0,"9"
"249220080","SANOK-TREPCZA","2001","03","26",6.6,"",-.4,"",1.6,"",.0,"8",3.6,"","S",3,""
"249220080","SANOK-TREPCZA","2001","03","27",-.4,"",-3.0,"",-2.1,"",.0,"8",.0,"","W",0,"9"
"249220080","SANOK-TREPCZA","2001","03","28",-1.8,"",-3.6,"",-2.7,"",.0,"8",.8,"","S",0,"9"
"249220080","SANOK-TREPCZA","2001","03","29",5.4,"",-4.2,"",.4,"",.0,"8",.0,"9","",2,""
"249220080","SANOK-TREPCZA","2001","03","30",12.0,"",1.1,"",4.9,"",.0,"8",.0,"9","",0,"9"
"249220080","SANOK-TREPCZA","2001","03","31",15.5,"",-.8,"",6.2,"",.0,"8",.0,"9","",0,"9"
"249220150","SOLINA-JAWOR","2001","03","01",3.9,"",-.6,"",1.9,"",-4.4,"",.7,"","S",15,""
"249220150","SOLINA-JAWOR","2001","03","02",4.3,"",.7,"",1.7,"",-2.4,"",.0,"9","",12,""
"249220150","SOLINA-JAWOR","2001","03","03",6.0,"",.4,"",2.8,"",-1.2,"",2.3,"","W",9,""
"249220150","SOLINA-JAWOR","2001","03","04",10.8,"",1.5,"",5.9,"",.7,"",2.7,"","W",6,""
"249220150","SOLINA-JAWOR","2001","03","05",9.7,"",-.2,"",3.8,"",-.4,"",10.2,"","W",0,"9"
"249220150","SOLINA-JAWOR","2001","03","06",5.2,"",-2.2,"",.5,"",-4.6,"",.0,"9","",0,"9"
"249220150","SOLINA-JAWOR","2001","03","07",9.0,"",-5.1,"",1.8,"",-8.1,"",.0,"9","",0,"9"
"249220150","SOLINA-JAWOR","2001","03","08",10.3,"",.8,"",5.6,"",-3.1,"",.0,"9","",0,"9"
"249220150","SOLINA-JAWOR","2001","03","09",10.1,"",7.0,"",8.7,"",4.7,"",.1,"","W",0,"9"
"249220150","SOLINA-JAWOR","2001","03","10",12.9,"",7.9,"",9.5,"",6.0,"",.7,"","W",0,"9"
"249220150","SOLINA-JAWOR","2001","03","11",13.2,"",1.1,"",6.8,"",-1.2,"",.0,"9","",0,"9"
"249220150","SOLINA-JAWOR","2001","03","12",14.4,"",4.6,"",9.3,"",1.8,"",.0,"9","",0,"9"
"249220150","SOLINA-JAWOR","2001","03","13",14.4,"",10.0,"",11.8,"",6.0,"",17.4,"","W",0,"9"
"249220150","SOLINA-JAWOR","2001","03","14",10.6,"",2.5,"",5.6,"",1.8,"",1.1,"","W",0,"9"
"249220150","SOLINA-JAWOR","2001","03","15",9.7,"",-2.1,"",3.7,"",-5.6,"",1.1,"","W",0,"9"
"249220150","SOLINA-JAWOR","2001","03","16",10.0,"",.6,"",4.8,"",.3,"",.0,"9","",0,"9"
"249220150","SOLINA-JAWOR","2001","03","17",13.1,"",7.0,"",9.7,"",3.0,"",7.4,"","W",0,"9"
"249220150","SOLINA-JAWOR","2001","03","18",10.1,"",1.0,"",5.1,"",-.1,"",7.6,"","W",0,"9"
"249220150","SOLINA-JAWOR","2001","03","19",11.0,"",-.9,"",5.3,"",-3.9,"",5.4,"","W",0,"9"
"249220150","SOLINA-JAWOR","2001","03","20",9.1,"",-1.1,"",2.1,"",-3.5,"",.2,"","S",0,"9"
"249220150","SOLINA-JAWOR","2001","03","21",3.2,"",-4.4,"",-1.7,"",-6.9,"",.0,"9","",0,"9"
"249220150","SOLINA-JAWOR","2001","03","22",6.6,"",-5.1,"",-.3,"",-8.4,"",.0,"9","",0,"9"
"249220150","SOLINA-JAWOR","2001","03","23",4.1,"",-3.4,"",.5,"",-6.9,"",4.7,"","S",0,"9"
"249220150","SOLINA-JAWOR","2001","03","24",8.8,"",.3,"",4.3,"",-.9,"",5.1,"","W",1,""
"249220150","SOLINA-JAWOR","2001","03","25",8.6,"",5.8,"",6.8,"",4.4,"",9.1,"","S",0,"9"
"249220150","SOLINA-JAWOR","2001","03","26",6.1,"",-1.0,"",1.1,"",-2.1,"",6.1,"","S",3,""
"249220150","SOLINA-JAWOR","2001","03","27",-.9,"",-4.2,"",-3.0,"",-4.8,"",.0,"9","",5,""
"249220150","SOLINA-JAWOR","2001","03","28",-2.8,"",-4.6,"",-3.7,"",-5.6,"",.5,"","S",4,""
"249220150","SOLINA-JAWOR","2001","03","29",5.6,"",-5.2,"",-.1,"",-10.9,"",.0,"9","",4,""
"249220150","SOLINA-JAWOR","2001","03","30",11.7,"",.1,"",4.6,"",-3.6,"",.0,"9","",0,"9"
"249220150","SOLINA-JAWOR","2001","03","31",15.0,"",-2.1,"",5.2,"",-5.9,"",.0,"9","",0,"9"
"249220170","BALIGRÓD-MCHAWA","2001","03","01",4.0,"",-2.0,"",1.8,"",.0,"8",.1,"","W",14,""
"249220170","BALIGRÓD-MCHAWA","2001","03","02",3.0,"",-.1,"",1.0,"",.0,"8",.0,"9","",13,""
"249220170","BALIGRÓD-MCHAWA","2001","03","03",5.9,"",-.4,"",3.2,"",.0,"8",2.4,"","W",12,""
"249220170","BALIGRÓD-MCHAWA","2001","03","04",10.9,"",.5,"",5.7,"",.0,"8",4.3,"","W",9,""
"249220170","BALIGRÓD-MCHAWA","2001","03","05",9.4,"",.1,"",3.6,"",.0,"8",10.6,"","S",0,"9"
"249220170","BALIGRÓD-MCHAWA","2001","03","06",5.0,"",-2.5,"",.0,"",.0,"8",.0,"9","",1,""
"249220170","BALIGRÓD-MCHAWA","2001","03","07",8.4,"",-8.0,"",.9,"",.0,"8",.0,"9","",0,"9"
"249220170","BALIGRÓD-MCHAWA","2001","03","08",8.9,"",-1.4,"",4.6,"",.0,"8",.0,"9","",0,"9"
"249220170","BALIGRÓD-MCHAWA","2001","03","09",9.8,"",6.2,"",8.1,"",.0,"8",.0,"","W",0,"9"
"249220170","BALIGRÓD-MCHAWA","2001","03","10",12.4,"",6.4,"",8.6,"",.0,"8",.3,"","W",0,"9"
"249220170","BALIGRÓD-MCHAWA","2001","03","11",13.5,"",.9,"",8.2,"",.0,"8",.0,"9","",0,"9"
"249220170","BALIGRÓD-MCHAWA","2001","03","12",14.3,"",4.0,"",8.8,"",.0,"8",.0,"9","",0,"9"
"249220170","BALIGRÓD-MCHAWA","2001","03","13",14.3,"",9.4,"",11.6,"",.0,"8",20.7,"","W",0,"9"
"249220170","BALIGRÓD-MCHAWA","2001","03","14",10.3,"",2.1,"",4.9,"",.0,"8",2.8,"","W",0,"9"
"249220170","BALIGRÓD-MCHAWA","2001","03","15",9.4,"",-3.1,"",3.4,"",.0,"8",1.3,"","W",0,"9"
"249220170","BALIGRÓD-MCHAWA","2001","03","16",9.8,"",.0,"",4.5,"",.0,"8",.0,"9","",0,"9"
"249220170","BALIGRÓD-MCHAWA","2001","03","17",13.9,"",5.8,"",9.3,"",.0,"8",8.5,"","W",0,"9"
"249220170","BALIGRÓD-MCHAWA","2001","03","18",10.5,"",.8,"",5.5,"",.0,"8",7.7,"","S",0,"9"
"249220170","BALIGRÓD-MCHAWA","2001","03","19",9.7,"",-2.5,"",4.5,"",.0,"8",6.3,"","W",0,"9"
"249220170","BALIGRÓD-MCHAWA","2001","03","20",8.4,"",-1.5,"",1.9,"",.0,"8",.1,"","S",0,"9"
"249220170","BALIGRÓD-MCHAWA","2001","03","21",1.9,"",-6.0,"",-1.9,"",.0,"8",.0,"9","",0,"9"
"249220170","BALIGRÓD-MCHAWA","2001","03","22",7.9,"",-7.3,"",-.1,"",.0,"8",.0,"9","",0,"9"
"249220170","BALIGRÓD-MCHAWA","2001","03","23",4.7,"",-4.5,"",.3,"",.0,"8",6.6,"","S",0,"9"
"249220170","BALIGRÓD-MCHAWA","2001","03","24",8.0,"",-.5,"",3.7,"",.0,"8",2.5,"","W",2,""
"249220170","BALIGRÓD-MCHAWA","2001","03","25",8.9,"",5.2,"",6.7,"",.0,"8",12.7,"","S",0,"9"
"249220170","BALIGRÓD-MCHAWA","2001","03","26",6.3,"",-1.5,"",1.1,"",.0,"8",3.7,"","S",2,""
"249220170","BALIGRÓD-MCHAWA","2001","03","27",-.4,"",-4.0,"",-2.5,"",.0,"8",.0,"9","",2,""
"249220170","BALIGRÓD-MCHAWA","2001","03","28",-2.1,"",-4.8,"",-3.1,"",.0,"8",1.4,"","S",2,""
"249220170","BALIGRÓD-MCHAWA","2001","03","29",7.1,"",-6.7,"",-.1,"",.0,"8",.2,"","W",3,""
"249220170","BALIGRÓD-MCHAWA","2001","03","30",11.9,"",-3.0,"",3.7,"",.0,"8",.0,"9","",0,"9"
"249220170","BALIGRÓD-MCHAWA","2001","03","31",13.9,"",-5.3,"",3.3,"",.0,"8",.0,"9","",0,"9"
"249220180","KOMAÑCZA","2001","03","01",2.8,"",-6.0,"",-.3,"",.0,"8",2.9,"","S",21,""
"249220180","KOMAÑCZA","2001","03","02",1.4,"",-.4,"",.2,"",.0,"8",.0,"","W",16,""
"249220180","KOMAÑCZA","2001","03","03",4.2,"",-.4,"",2.0,"",.0,"8",4.2,"","S",16,""
"249220180","KOMAÑCZA","2001","03","04",9.0,"",.4,"",4.7,"",.0,"8",6.4,"","W",13,""
"249220180","KOMAÑCZA","2001","03","05",8.4,"",.2,"",2.9,"",.0,"8",9.3,"","S",5,""
"249220180","KOMAÑCZA","2001","03","06",6.0,"",-2.4,"",-.2,"",.0,"8",.0,"9","",3,""
"249220180","KOMAÑCZA","2001","03","07",7.8,"",-7.5,"",1.1,"",.0,"8",.0,"9","",0,"9"
"249220180","KOMAÑCZA","2001","03","08",8.0,"",-.6,"",3.8,"",.0,"8",.0,"9","",0,"9"
"249220180","KOMAÑCZA","2001","03","09",9.0,"",5.4,"",7.2,"",.0,"8",1.8,"","W",0,"9"
"249220180","KOMAÑCZA","2001","03","10",11.4,"",5.6,"",7.9,"",.0,"8",.0,"9","",0,"9"
"249220180","KOMAÑCZA","2001","03","11",12.5,"",1.0,"",7.6,"",.0,"8",.0,"9","",0,"9"
"249220180","KOMAÑCZA","2001","03","12",13.4,"",2.6,"",7.7,"",.0,"8",.0,"9","",0,"9"
"249220180","KOMAÑCZA","2001","03","13",12.2,"",8.6,"",10.3,"",.0,"8",19.5,"","W",0,"9"
"249220180","KOMAÑCZA","2001","03","14",10.0,"",2.5,"",5.0,"",.0,"8",.2,"","W",0,"9"
"249220180","KOMAÑCZA","2001","03","15",9.0,"",-4.8,"",1.9,"",.0,"8",2.2,"","W",0,"9"
"249220180","KOMAÑCZA","2001","03","16",9.4,"",1.0,"",4.6,"",.0,"8",.2,"","W",0,"9"
"249220180","KOMAÑCZA","2001","03","17",12.0,"",3.0,"",7.2,"",.0,"8",15.9,"","W",0,"9"
"249220180","KOMAÑCZA","2001","03","18",10.2,"",1.0,"",5.3,"",.0,"8",7.0,"","W",0,"9"
"249220180","KOMAÑCZA","2001","03","19",8.6,"",-1.2,"",4.5,"",.0,"8",1.0,"","W",0,"9"
"249220180","KOMAÑCZA","2001","03","20",7.7,"",-1.2,"",1.5,"",.0,"8",.0,"9","",0,"9"
"249220180","KOMAÑCZA","2001","03","21",3.0,"",-5.8,"",-2.2,"",.0,"8",.0,"9","",0,"9"
"249220180","KOMAÑCZA","2001","03","22",8.6,"",-6.6,"",-.2,"",.0,"8",.0,"9","",0,"9"
"249220180","KOMAÑCZA","2001","03","23",4.2,"",-4.7,"",.0,"",.0,"8",6.8,"","S",0,"9"
"249220180","KOMAÑCZA","2001","03","24",6.0,"",.0,"",3.1,"",.0,"8",7.6,"","W",4,""
"249220180","KOMAÑCZA","2001","03","25",9.4,"",5.6,"",7.3,"",.0,"8",6.8,"","S",0,"9"
"249220180","KOMAÑCZA","2001","03","26",7.3,"",-1.2,"",1.4,"",.0,"8",4.6,"","S",2,""
"249220180","KOMAÑCZA","2001","03","27",-1.2,"",-4.0,"",-3.1,"",.0,"8",.0,"9","",1,""
"249220180","KOMAÑCZA","2001","03","28",-3.1,"",-4.6,"",-3.7,"",.0,"8",3.2,"","S",1,""
"249220180","KOMAÑCZA","2001","03","29",6.5,"",-7.3,"",-.8,"",.0,"8",.0,"9","",1,""
"249220180","KOMAÑCZA","2001","03","30",13.6,"",.2,"",5.9,"",.0,"8",.0,"9","",0,"9"
"249220180","KOMAÑCZA","2001","03","31",14.5,"",-4.2,"",4.2,"",.0,"8",.0,"9","",0,"9"
"249220210","TERKA","2001","03","01",4.0,"",-.7,"",1.9,"",-4.7,"",.4,"","W",13,""
"249220210","TERKA","2001","03","02",3.4,"",.5,"",1.4,"",-2.2,"",.0,"9","",12,""
"249220210","TERKA","2001","03","03",6.2,"",.6,"",3.3,"",-3.2,"",4.2,"","W",10,""
"249220210","TERKA","2001","03","04",10.0,"",1.0,"",5.4,"",-1.2,"",11.4,"","W",6,""
"249220210","TERKA","2001","03","05",9.5,"",.9,"",3.9,"",-.2,"",15.2,"","S",0,"9"
"249220210","TERKA","2001","03","06",5.0,"",-2.0,"",-.1,"",-5.2,"",.0,"9","",0,"9"
"249220210","TERKA","2001","03","07",9.0,"",-7.7,"",-.4,"",-10.2,"",.0,"9","",0,"9"
"249220210","TERKA","2001","03","08",8.4,"",-1.7,"",4.4,"",-5.2,"",.0,"9","",0,"9"
"249220210","TERKA","2001","03","09",9.5,"",6.7,"",8.1,"",3.7,"",.0,"9","",0,"9"
"249220210","TERKA","2001","03","10",13.5,"",7.2,"",9.1,"",2.7,"",4.0,"","W",0,"9"
"249220210","TERKA","2001","03","11",13.5,"",.2,"",6.3,"",-3.2,"",.0,"9","",0,"9"
"249220210","TERKA","2001","03","12",13.5,"",3.7,"",8.4,"",.8,"",.0,"9","",0,"9"
"249220210","TERKA","2001","03","13",14.0,"",8.7,"",11.3,"",4.7,"",21.2,"","S",0,"9"
"249220210","TERKA","2001","03","14",10.5,"",1.2,"",4.8,"",-.2,"",1.2,"","S",0,"9"
"249220210","TERKA","2001","03","15",9.2,"",-2.5,"",3.2,"",-6.4,"",2.2,"","W",0,"9"
"249220210","TERKA","2001","03","16",10.5,"",.7,"",4.8,"",-1.2,"",.0,"9","",0,"9"
"249220210","TERKA","2001","03","17",13.0,"",6.7,"",9.4,"",1.8,"",12.2,"","W",0,"9"
"249220210","TERKA","2001","03","18",10.1,"",1.3,"",5.5,"",.8,"",8.8,"","W",0,"9"
"249220210","TERKA","2001","03","19",10.0,"",-.5,"",4.3,"",-4.7,"",7.2,"","W",0,"9"
"249220210","TERKA","2001","03","20",5.4,"",-1.1,"",1.1,"",-2.7,"",.0,"9","",0,"9"
"249220210","TERKA","2001","03","21",2.5,"",-4.7,"",-1.6,"",-8.2,"",.0,"9","",0,"9"
"249220210","TERKA","2001","03","22",8.0,"",-4.7,"",.4,"",-8.7,"",.0,"9","",0,"9"
"249220210","TERKA","2001","03","23",4.8,"",-2.7,"",.9,"",-4.2,"",5.2,"","S",0,"9"
"249220210","TERKA","2001","03","24",8.0,"",.7,"",4.2,"",-1.2,"",4.0,"","W",2,""
"249220210","TERKA","2001","03","25",8.8,"",5.7,"",6.7,"",3.7,"",8.2,"","S",0,"9"
"249220210","TERKA","2001","03","26",6.0,"",-1.1,"",1.0,"",-1.7,"",8.0,"","S",1,""
"249220210","TERKA","2001","03","27",-1.1,"",-3.7,"",-2.7,"",-5.2,"",.0,"9","",3,""
"249220210","TERKA","2001","03","28",-2.5,"",-4.2,"",-3.3,"",-5.2,"",1.2,"","S",2,""
"249220210","TERKA","2001","03","29",7.0,"",-6.7,"",-.3,"",-10.6,"",.0,"9","",3,""
"249220210","TERKA","2001","03","30",12.0,"",-1.7,"",3.6,"",-3.7,"",.0,"9","",0,"9"
"249220210","TERKA","2001","03","31",14.5,"",-2.2,"",4.6,"",-5.2,"",.0,"9","",0,"9"
"249220280","STUPOSIANY","2001","03","01",3.4,"",-7.8,"",-1.8,"",.0,"8",2.5,"","S",18,""
"249220280","STUPOSIANY","2001","03","02",2.4,"",-.8,"",.4,"",.0,"8",.2,"","S",16,""
"249220280","STUPOSIANY","2001","03","03",5.5,"",-.9,"",2.0,"",.0,"8",8.3,"","S",16,""
"249220280","STUPOSIANY","2001","03","04",10.2,"",.4,"",5.0,"",.0,"8",13.2,"","W",12,""
"249220280","STUPOSIANY","2001","03","05",8.7,"",.2,"",3.1,"",.0,"8",13.2,"","S",0,"9"
"249220280","STUPOSIANY","2001","03","06",4.5,"",-3.1,"",-1.0,"",.0,"8",.0,"9","",0,"9"
"249220280","STUPOSIANY","2001","03","07",8.1,"",-8.7,"",-.3,"",.0,"8",.0,"9","",0,"9"
"249220280","STUPOSIANY","2001","03","08",8.7,"",-3.5,"",3.6,"",.0,"8",.0,"9","",0,"9"
"249220280","STUPOSIANY","2001","03","09",9.7,"",6.0,"",7.9,"",.0,"8",.0,"9","",0,"9"
"249220280","STUPOSIANY","2001","03","10",12.1,"",5.7,"",7.7,"",.0,"8",1.6,"","W",0,"9"
"249220280","STUPOSIANY","2001","03","11",12.2,"",-.1,"",6.4,"",.0,"8",.0,"9","",0,"9"
"249220280","STUPOSIANY","2001","03","12",12.0,"",.0,"",6.7,"",.0,"8",.0,"9","",0,"9"
"249220280","STUPOSIANY","2001","03","13",13.2,"",9.0,"",10.4,"",.0,"8",19.8,"","S",0,"9"
"249220280","STUPOSIANY","2001","03","14",9.0,"",.0,"",3.3,"",.0,"8",4.2,"","S",1,""
"249220280","STUPOSIANY","2001","03","15",8.5,"",-5.0,"",1.6,"",.0,"8",1.3,"","W",0,"9"
"249220280","STUPOSIANY","2001","03","16",9.6,"",-.1,"",4.0,"",.0,"8",.0,"9","",0,"9"
"249220280","STUPOSIANY","2001","03","17",12.2,"",5.2,"",8.9,"",.0,"8",6.6,"","W",0,"9"
"249220280","STUPOSIANY","2001","03","18",10.2,"",.2,"",4.7,"",.0,"8",7.1,"","S",0,"9"
"249220280","STUPOSIANY","2001","03","19",9.1,"",-2.3,"",4.8,"",.0,"8",6.8,"","W",0,"9"
"249220280","STUPOSIANY","2001","03","20",8.8,"",-2.1,"",1.7,"",.0,"8",.1,"","S",0,"9"
"249220280","STUPOSIANY","2001","03","21",2.6,"",-5.8,"",-2.2,"",.0,"8",.0,"9","",0,"9"
"249220280","STUPOSIANY","2001","03","22",7.6,"",-6.2,"",-.5,"",.0,"8",.0,"9","",0,"9"
"249220280","STUPOSIANY","2001","03","23",4.5,"",-6.8,"",-1.0,"",.0,"8",6.8,"","S",0,"9"
"249220280","STUPOSIANY","2001","03","24",7.2,"",-.4,"",3.4,"",.0,"8",4.8,"","W",3,""
"249220280","STUPOSIANY","2001","03","25",9.5,"",5.2,"",6.6,"",.0,"8",13.4,"","S",0,"9"
"249220280","STUPOSIANY","2001","03","26",5.8,"",-1.0,"",1.2,"",.0,"8",6.9,"","S",1,""
"249220280","STUPOSIANY","2001","03","27",-1.0,"",-4.3,"",-3.3,"",.0,"8",.1,"","S",4,""
"249220280","STUPOSIANY","2001","03","28",-2.4,"",-5.2,"",-4.0,"",.0,"8",.6,"","S",2,""
"249220280","STUPOSIANY","2001","03","29",6.2,"",-5.0,"",-.4,"",.0,"8",.0,"9","",3,""
"249220280","STUPOSIANY","2001","03","30",11.7,"",-2.1,"",3.3,"",.0,"8",.0,"9","",0,"9"
"249220280","STUPOSIANY","2001","03","31",13.2,"",-5.8,"",1.7,"",.0,"8",.0,"9","",0,"9"
"250140030","BOGATYNIA","2001","03","01",4.0,"",-3.5,"",.4,"",.0,"8",.0,"9","",0,"9"
"250140030","BOGATYNIA","2001","03","02",1.8,"",-1.8,"",-.5,"",.0,"8",.0,"9","",0,"9"
"250140030","BOGATYNIA","2001","03","03",1.8,"",-3.8,"",-1.1,"",.0,"8",4.2,"","S",0,"9"
"250140030","BOGATYNIA","2001","03","04",3.8,"",-.6,"",1.5,"",.0,"8",12.4,"","S",5,""
"250140030","BOGATYNIA","2001","03","05",2.7,"",-1.6,"",-.2,"",.0,"8",.2,"","W",6,""
"250140030","BOGATYNIA","2001","03","06",4.4,"",-7.2,"",-2.2,"",.0,"8",.0,"9","",3,""
"250140030","BOGATYNIA","2001","03","07",7.0,"",-3.0,"",2.2,"",.0,"8",.0,"9","",0,"9"
"250140030","BOGATYNIA","2001","03","08",9.4,"",3.3,"",5.6,"",.0,"8",.0,"9","",0,"9"
"250140030","BOGATYNIA","2001","03","09",9.4,"",4.1,"",6.3,"",.0,"8",3.5,"","S",0,"9"
"250140030","BOGATYNIA","2001","03","10",11.8,"",4.1,"",7.6,"",.0,"8",1.6,"","W",0,"9"
"250140030","BOGATYNIA","2001","03","11",12.4,"",7.8,"",9.5,"",.0,"8",.6,"","W",0,"9"
"250140030","BOGATYNIA","2001","03","12",16.0,"",9.5,"",11.4,"",.0,"8",13.2,"","W",0,"9"
"250140030","BOGATYNIA","2001","03","13",10.2,"",6.7,"",7.8,"",.0,"8",.4,"","W",0,"9"
"250140030","BOGATYNIA","2001","03","14",7.0,"",3.9,"",5.1,"",.0,"8",.0,"9","",0,"9"
"250140030","BOGATYNIA","2001","03","15",5.5,"",.2,"",2.5,"",.0,"8",2.0,"","S",0,"9"
"250140030","BOGATYNIA","2001","03","16",6.8,"",-1.6,"",3.6,"",.0,"8",.0,"9","",0,"9"
"250140030","BOGATYNIA","2001","03","17",5.5,"",2.1,"",3.6,"",.0,"8",11.2,"","S",0,"9"
"250140030","BOGATYNIA","2001","03","18",7.0,"",.0,"",3.5,"",.0,"8",2.5,"","S",0,"9"
"250140030","BOGATYNIA","2001","03","19",8.0,"",-.2,"",3.9,"",.0,"8",2.2,"","S",1,""
"250140030","BOGATYNIA","2001","03","20",2.6,"",-3.2,"",-1.7,"",.0,"8",.0,"9","",0,"9"
"250140030","BOGATYNIA","2001","03","21",2.6,"",-7.2,"",-3.1,"",.0,"8",1.4,"","S",0,"9"
"250140030","BOGATYNIA","2001","03","22",4.6,"",-1.8,"",1.6,"",.0,"8",2.5,"","W",1,""
"250140030","BOGATYNIA","2001","03","23",4.0,"",1.9,"",2.7,"",.0,"8",7.6,"","S",0,"9"
"250140030","BOGATYNIA","2001","03","24",11.4,"",1.9,"",7.1,"",.0,"8",9.2,"","S",0,"9"
"250140030","BOGATYNIA","2001","03","25",7.7,"",1.0,"",3.0,"",.0,"8",6.6,"","S",0,""
"250140030","BOGATYNIA","2001","03","26",1.7,"",-3.2,"",-1.6,"",.0,"8",2.8,"","S",1,""
"250140030","BOGATYNIA","2001","03","27",-.5,"",-9.5,"",-5.0,"",.0,"8",.0,"9","",2,""
"250140030","BOGATYNIA","2001","03","28",6.5,"",-3.0,"",1.1,"",.0,"8",.0,"9","",0,"9"
"250140030","BOGATYNIA","2001","03","29",5.0,"",2.1,"",3.2,"",.0,"8",.0,"9","",0,"9"
"250140030","BOGATYNIA","2001","03","30",7.6,"",3.5,"",5.3,"",.0,"8",.0,"9","",0,"9"
"250140030","BOGATYNIA","2001","03","31",12.4,"",4.3,"",8.1,"",.0,"8",.0,"9","",0,"9"
"250150090","ŒWIERADÓW-ZDRÓJ","2001","03","01",2.5,"",-2.0,"",-.4,"",-3.7,"",.0,"9","",45,""
"250150090","ŒWIERADÓW-ZDRÓJ","2001","03","02",2.1,"",-1.5,"",-.2,"",-4.1,"",.1,"","S",45,""
"250150090","ŒWIERADÓW-ZDRÓJ","2001","03","03",1.3,"",-5.7,"",-1.5,"",-8.3,"",2.0,"","S",40,""
"250150090","ŒWIERADÓW-ZDRÓJ","2001","03","04",4.0,"",-2.9,"",.5,"",-6.2,"",13.4,"","S",40,""
"250150090","ŒWIERADÓW-ZDRÓJ","2001","03","05",3.1,"",-2.5,"",-.7,"",-2.6,"",3.8,"","S",40,""
"250150090","ŒWIERADÓW-ZDRÓJ","2001","03","06",2.9,"",-6.5,"",-3.2,"",-8.8,"",.0,"9","",36,""
"250150090","ŒWIERADÓW-ZDRÓJ","2001","03","07",5.5,"",-4.0,"",1.2,"",-6.9,"",.0,"9","",36,""
"250150090","ŒWIERADÓW-ZDRÓJ","2001","03","08",7.8,"",2.6,"",4.9,"",.4,"",.0,"9","",30,""
"250150090","ŒWIERADÓW-ZDRÓJ","2001","03","09",7.0,"",3.0,"",5.1,"",.4,"",1.8,"","W",25,""
"250150090","ŒWIERADÓW-ZDRÓJ","2001","03","10",8.5,"",4.6,"",6.3,"",.8,"",2.8,"","W",15,""
"250150090","ŒWIERADÓW-ZDRÓJ","2001","03","11",10.4,"",4.5,"",6.8,"",2.0,"",4.0,"","W",0,""
"250150090","ŒWIERADÓW-ZDRÓJ","2001","03","12",11.6,"",5.7,"",9.1,"",2.4,"",17.8,"","W",0,""
"250150090","ŒWIERADÓW-ZDRÓJ","2001","03","13",11.1,"",4.5,"",6.6,"",2.1,"",4.6,"","W",0,"9"
"250150090","ŒWIERADÓW-ZDRÓJ","2001","03","14",6.4,"",2.1,"",3.6,"",1.0,"",.1,"","S",0,"9"
"250150090","ŒWIERADÓW-ZDRÓJ","2001","03","15",4.1,"",1.0,"",2.1,"",-2.2,"",2.3,"","W",0,"9"
"250150090","ŒWIERADÓW-ZDRÓJ","2001","03","16",7.3,"",-1.2,"",3.5,"",-2.6,"",.3,"","W",0,"9"
"250150090","ŒWIERADÓW-ZDRÓJ","2001","03","17",6.7,"",.8,"",2.9,"",.4,"",9.0,"","W",0,"9"
"250150090","ŒWIERADÓW-ZDRÓJ","2001","03","18",8.0,"",-1.1,"",2.7,"",-1.2,"",6.6,"","W",0,"9"
"250150090","ŒWIERADÓW-ZDRÓJ","2001","03","19",8.7,"",-.6,"",3.5,"",-.6,"",7.7,"","S",0,"9"
"250150090","ŒWIERADÓW-ZDRÓJ","2001","03","20",.1,"",-5.3,"",-3.7,"",-8.2,"",.1,"","S",4,""
"250150090","ŒWIERADÓW-ZDRÓJ","2001","03","21",.6,"",-8.9,"",-4.4,"",-12.0,"",.5,"","S",4,""
"250150090","ŒWIERADÓW-ZDRÓJ","2001","03","22",5.0,"",-3.2,"",1.1,"",-4.7,"",5.0,"","W",4,""
"250150090","ŒWIERADÓW-ZDRÓJ","2001","03","23",5.1,"",-.2,"",1.5,"",-.2,"",8.8,"","S",0,""
"250150090","ŒWIERADÓW-ZDRÓJ","2001","03","24",12.0,"",.4,"",5.9,"",.4,"",9.7,"","W",0,"9"
"250150090","ŒWIERADÓW-ZDRÓJ","2001","03","25",5.3,"",.2,"",1.7,"",.1,"",8.8,"","S",0,"9"
"250150090","ŒWIERADÓW-ZDRÓJ","2001","03","26",1.1,"",-5.4,"",-3.1,"",-5.5,"",4.8,"","S",1,""
"250150090","ŒWIERADÓW-ZDRÓJ","2001","03","27",-2.7,"",-6.1,"",-4.6,"",-6.9,"",.1,"","S",7,""
"250150090","ŒWIERADÓW-ZDRÓJ","2001","03","28",2.5,"",-4.7,"",-1.6,"",-4.7,"",.0,"9","",6,""
"250150090","ŒWIERADÓW-ZDRÓJ","2001","03","29",4.6,"",-1.0,"",1.3,"",-2.2,"",.0,"9","",3,""
"250150090","ŒWIERADÓW-ZDRÓJ","2001","03","30",6.3,"",.7,"",4.1,"",-.2,"",.2,"","W",0,""
"250150090","ŒWIERADÓW-ZDRÓJ","2001","03","31",9.9,"",2.8,"",5.2,"",2.2,"",.0,"9","",0,"9"
"250150170","JAKUSZYCE","2001","03","01",-1.2,"",-4.2,"",-3.1,"",-5.4,"",.4,"","S",57,""
"250150170","JAKUSZYCE","2001","03","02",-2.2,"",-5.2,"",-4.2,"",-8.7,"",.3,"","S",58,""
"250150170","JAKUSZYCE","2001","03","03",.2,"",-9.7,"",-3.8,"",-15.4,"",5.4,"","S",59,""
"250150170","JAKUSZYCE","2001","03","04",.6,"",-7.4,"",-2.6,"",-10.7,"",9.1,"","S",65,""
"250150170","JAKUSZYCE","2001","03","05",.2,"",-4.7,"",-2.4,"",-4.7,"",1.8,"","S",74,""
"250150170","JAKUSZYCE","2001","03","06",.2,"",-9.3,"",-5.7,"",-14.2,"",.0,"9","",75,""
"250150170","JAKUSZYCE","2001","03","07",3.4,"",-8.2,"",-1.7,"",-13.2,"",.0,"9","",70,""
"250150170","JAKUSZYCE","2001","03","08",4.6,"",.0,"",1.5,"",-2.1,"",.0,"9","",68,""
"250150170","JAKUSZYCE","2001","03","09",3.2,"",.4,"",1.6,"",-.6,"",2.2,"","W",63,""
"250150170","JAKUSZYCE","2001","03","10",4.7,"",2.0,"",3.1,"",-.1,"",2.4,"","W",54,""
"250150170","JAKUSZYCE","2001","03","11",6.1,"",3.2,"",4.0,"",-.1,"",5.2,"","W",47,""
"250150170","JAKUSZYCE","2001","03","12",8.3,"",3.6,"",5.9,"",-1.2,"",10.4,"","W",38,""
"250150170","JAKUSZYCE","2001","03","13",7.6,"",.6,"",3.1,"",-.9,"",4.4,"","W",24,""
"250150170","JAKUSZYCE","2001","03","14",1.9,"",-.4,"",.3,"",-2.6,"",.6,"","S",22,""
"250150170","JAKUSZYCE","2001","03","15",.2,"",-1.8,"",-1.1,"",-4.1,"",2.4,"","S",24,""
"250150170","JAKUSZYCE","2001","03","16",2.6,"",-7.3,"",-1.4,"",-8.7,"",2.4,"","W",29,""
"250150170","JAKUSZYCE","2001","03","17",3.8,"",-1.4,"",.5,"",-1.6,"",10.5,"","S",24,""
"250150170","JAKUSZYCE","2001","03","18",2.2,"",-2.4,"",-.2,"",-2.6,"",2.6,"","S",22,""
"250150170","JAKUSZYCE","2001","03","19",4.6,"",-3.4,"",.2,"",-3.6,"",8.1,"","S",22,""
"250150170","JAKUSZYCE","2001","03","20",-2.8,"",-9.8,"",-7.4,"",-9.9,"",.8,"","S",19,""
"250150170","JAKUSZYCE","2001","03","21",-2.2,"",-17.0,"",-9.2,"",-20.2,"",1.0,"","S",23,""
"250150170","JAKUSZYCE","2001","03","22",1.4,"",-4.2,"",-1.5,"",-6.2,"",4.5,"","W",22,""
"250150170","JAKUSZYCE","2001","03","23",2.2,"",-1.6,"",-.3,"",-1.6,"",10.8,"","S",20,""
"250150170","JAKUSZYCE","2001","03","24",5.6,"",-.2,"",2.6,"",-.1,"",5.4,"","W",18,""
"250150170","JAKUSZYCE","2001","03","25",3.9,"",-1.2,"",.5,"",-1.2,"",10.6,"","W",16,""
"250150170","JAKUSZYCE","2001","03","26",-.3,"",-7.4,"",-4.9,"",-7.4,"",3.4,"","W",15,""
"250150170","JAKUSZYCE","2001","03","27",-6.3,"",-8.4,"",-7.5,"",-8.4,"",1.7,"","S",15,""
"250150170","JAKUSZYCE","2001","03","28",-1.8,"",-8.6,"",-5.2,"",-8.8,"",.0,"","S",23,""
"250150170","JAKUSZYCE","2001","03","29",2.2,"",-4.3,"",-1.5,"",-6.2,"",.1,"","W",19,""
"250150170","JAKUSZYCE","2001","03","30",3.2,"",-2.0,"",1.4,"",-4.1,"",.1,"","W",12,""
"250150170","JAKUSZYCE","2001","03","31",6.1,"",1.4,"",2.6,"",-2.1,"",.0,"9","",10,""
"250150220","KARPACZ","2001","03","01",4.5,"",-2.2,"",.6,"",.0,"8",.0,"9","",25,""
"250150220","KARPACZ","2001","03","02",2.5,"",-2.2,"",.3,"",.0,"8",.0,"","S",23,""
"250150220","KARPACZ","2001","03","03",2.0,"",-2.7,"",-.1,"",.0,"8",.4,"","S",17,""
"250150220","KARPACZ","2001","03","04",4.5,"",-3.2,"",1.5,"",.0,"8",6.8,"","S",13,""
"250150220","KARPACZ","2001","03","05",4.0,"",-2.2,"",.0,"",.0,"8",4.7,"","S",15,""
"250150220","KARPACZ","2001","03","06",3.0,"",-6.1,"",-2.3,"",.0,"8",.0,"9","",18,""
"250150220","KARPACZ","2001","03","07",7.5,"",-3.7,"",2.4,"",.0,"8",.0,"9","",16,""
"250150220","KARPACZ","2001","03","08",8.5,"",2.8,"",5.3,"",.0,"8",.0,"9","",11,""
"250150220","KARPACZ","2001","03","09",7.5,"",1.8,"",4.8,"",.0,"8",1.3,"","W",0,""
"250150220","KARPACZ","2001","03","10",10.0,"",3.8,"",7.4,"",.0,"8",.0,"","W",0,""
"250150220","KARPACZ","2001","03","11",12.5,"",6.3,"",9.2,"",.0,"8",.3,"","W",0,""
"250150220","KARPACZ","2001","03","12",13.5,"",6.8,"",10.6,"",.0,"8",10.0,"","W",0,""
"250150220","KARPACZ","2001","03","13",12.5,"",5.8,"",7.6,"",.0,"8",2.1,"","W",0,"9"
"250150220","KARPACZ","2001","03","14",6.0,"",2.8,"",4.2,"",.0,"8",.3,"","S",0,"9"
"250150220","KARPACZ","2001","03","15",5.0,"",1.3,"",2.6,"",.0,"8",1.7,"","S",0,"9"
"250150220","KARPACZ","2001","03","16",10.0,"",-1.3,"",4.4,"",.0,"8",.0,"9","",0,"9"
"250150220","KARPACZ","2001","03","17",7.0,"",1.3,"",3.1,"",.0,"8",6.3,"","S",0,"9"
"250150220","KARPACZ","2001","03","18",7.5,"",-1.2,"",3.0,"",.0,"8",.4,"","W",2,""
"250150220","KARPACZ","2001","03","19",10.0,"",-.2,"",4.2,"",.0,"8",10.6,"","S",0,"9"
"250150220","KARPACZ","2001","03","20",1.0,"",-5.1,"",-3.1,"",.0,"8",.7,"","S",3,""
"250150220","KARPACZ","2001","03","21",1.5,"",-8.6,"",-4.0,"",.0,"8",.3,"","S",0,""
"250150220","KARPACZ","2001","03","22",6.5,"",-3.7,"",1.0,"",.0,"8",3.2,"","S",0,""
"250150220","KARPACZ","2001","03","23",5.0,"",-.7,"",1.6,"",.0,"8",3.8,"","S",0,"9"
"250150220","KARPACZ","2001","03","24",12.0,"",.8,"",7.2,"",.0,"8",4.0,"","W",0,"9"
"250150220","KARPACZ","2001","03","25",8.0,"",.3,"",3.0,"",.0,"8",10.6,"","S",0,"9"
"250150220","KARPACZ","2001","03","26",1.0,"",-5.1,"",-2.8,"",.0,"8",5.6,"","S",3,""
"250150220","KARPACZ","2001","03","27",-3.1,"",-6.1,"",-4.5,"",.0,"8",.5,"","S",7,""
"250150220","KARPACZ","2001","03","28",2.5,"",-4.7,"",-1.4,"",.0,"8",.0,"9","",8,""
"250150220","KARPACZ","2001","03","29",7.0,"",-.7,"",2.9,"",.0,"8",.0,"9","",0,""
"250150220","KARPACZ","2001","03","30",9.5,"",.8,"",4.6,"",.0,"8",.9,"","W",0,"9"
"250150220","KARPACZ","2001","03","31",9.0,"",3.8,"",5.8,"",.0,"8",.0,"9","",0,"9"
"250150250","PAPROTKI","2001","03","01",1.7,"",-2.3,"",-1.1,"",-5.4,"",.1,"","S",29,""
"250150250","PAPROTKI","2001","03","02",2.2,"",-4.9,"",-1.3,"",-10.5,"",.3,"","S",29,""
"250150250","PAPROTKI","2001","03","03",1.5,"",-10.1,"",-2.5,"",-13.5,"",.6,"","S",29,""
"250150250","PAPROTKI","2001","03","04",4.5,"",-1.5,"",1.7,"",-3.8,"",7.1,"","S",29,""
"250150250","PAPROTKI","2001","03","05",4.5,"",-1.8,"",.4,"",-2.4,"",.7,"","S",25,""
"250150250","PAPROTKI","2001","03","06",1.7,"",-10.1,"",-5.0,"",-15.5,"",.0,"9","",28,""
"250150250","PAPROTKI","2001","03","07",4.2,"",-3.8,"",.2,"",-7.5,"",.0,"9","",25,""
"250150250","PAPROTKI","2001","03","08",5.4,"",1.9,"",3.3,"",-.8,"",.0,"9","",21,""
"250150250","PAPROTKI","2001","03","09",4.2,"",2.0,"",2.9,"",-.3,"",.7,"","W",17,""
"250150250","PAPROTKI","2001","03","10",8.7,"",2.4,"",4.6,"",.2,"",.0,"9","",16,""
"250150250","PAPROTKI","2001","03","11",10.6,"",3.8,"",6.6,"",-.3,"",.1,"","W",0,""
"250150250","PAPROTKI","2001","03","12",11.5,"",4.9,"",8.1,"",.6,"",7.9,"","W",0,""
"250150250","PAPROTKI","2001","03","13",11.0,"",5.0,"",6.8,"",4.1,"",1.5,"","W",0,"9"
"250150250","PAPROTKI","2001","03","14",6.5,"",1.6,"",3.2,"",-1.1,"",.0,"9","",0,"9"
"250150250","PAPROTKI","2001","03","15",3.2,"",.2,"",1.4,"",-2.5,"",.9,"","W",0,"9"
"250150250","PAPROTKI","2001","03","16",5.7,"",-1.9,"",1.6,"",-4.9,"",.0,"9","",0,"9"
"250150250","PAPROTKI","2001","03","17",3.4,"",.4,"",1.4,"",.4,"",10.1,"","S",0,"9"
"250150250","PAPROTKI","2001","03","18",5.1,"",-1.6,"",1.2,"",-1.9,"",.8,"","W",2,""
"250150250","PAPROTKI","2001","03","19",9.2,"",-.5,"",3.2,"",-1.3,"",6.0,"","S",0,"9"
"250150250","PAPROTKI","2001","03","20",1.3,"",-4.3,"",-2.6,"",-5.3,"",.3,"","S",3,""
"250150250","PAPROTKI","2001","03","21",.2,"",-9.4,"",-5.0,"",-12.4,"",1.0,"","S",0,""
"250150250","PAPROTKI","2001","03","22",1.1,"",-2.8,"",-.7,"",-3.8,"",1.4,"","W",1,""
"250150250","PAPROTKI","2001","03","23",4.2,"",.6,"",1.8,"",.0,"",6.3,"","S",0,"9"
"250150250","PAPROTKI","2001","03","24",10.2,"",.5,"",5.1,"",-.2,"",4.6,"","W",0,"9"
"250150250","PAPROTKI","2001","03","25",6.7,"",-.2,"",1.7,"",-.3,"",12.5,"","S",0,"9"
"250150250","PAPROTKI","2001","03","26",.5,"",-5.3,"",-3.3,"",-5.3,"",2.8,"","S",2,""
"250150250","PAPROTKI","2001","03","27",-4.2,"",-6.0,"",-5.2,"",-5.9,"",.8,"","S",5,""
"250150250","PAPROTKI","2001","03","28",.7,"",-5.0,"",-2.9,"",-6.7,"",.0,"9","",5,""
"250150250","PAPROTKI","2001","03","29",.9,"",-3.4,"",-.7,"",-4.8,"",.0,"9","",0,""
"250150250","PAPROTKI","2001","03","30",4.5,"",.2,"",3.0,"",-1.0,"",1.0,"","W",0,"9"
"250150250","PAPROTKI","2001","03","31",9.7,"",3.8,"",5.9,"",2.7,"",.0,"9","",0,"9"
"250160090","PSZENNO","2001","03","01",5.5,"",.1,"",2.2,"",.0,"8",.0,"9","",2,""
"250160090","PSZENNO","2001","03","02",7.0,"",-.3,"",2.2,"",.0,"8",.0,"9","",0,"9"
"250160090","PSZENNO","2001","03","03",4.0,"",-1.7,"",.8,"",.0,"8",.2,"","S",0,"9"
"250160090","PSZENNO","2001","03","04",7.5,"",.3,"",3.2,"",.0,"8",2.9,"","S",0,""
"250160090","PSZENNO","2001","03","05",7.0,"",-.3,"",1.8,"",.0,"8",3.9,"","S",0,""
"250160090","PSZENNO","2001","03","06",2.5,"",-5.1,"",-1.9,"",.0,"8",.0,"9","",2,""
"250160090","PSZENNO","2001","03","07",10.4,"",-3.7,"",1.9,"",.0,"8",.0,"9","",1,""
"250160090","PSZENNO","2001","03","08",11.0,"",2.0,"",6.1,"",.0,"8",.0,"9","",0,"9"
"250160090","PSZENNO","2001","03","09",9.5,"",3.0,"",6.3,"",.0,"8",.0,"9","",0,"9"
"250160090","PSZENNO","2001","03","10",15.5,"",6.3,"",10.1,"",.0,"8",.0,"9","",0,"9"
"250160090","PSZENNO","2001","03","11",15.4,"",7.8,"",10.7,"",.0,"8",.0,"9","",0,"9"
"250160090","PSZENNO","2001","03","12",17.5,"",7.7,"",12.4,"",.0,"8",3.6,"","W",0,"9"
"250160090","PSZENNO","2001","03","13",16.0,"",8.2,"",10.2,"",.0,"8",2.9,"","W",0,"9"
"250160090","PSZENNO","2001","03","14",11.0,"",4.0,"",6.6,"",.0,"8",.5,"","W",0,"9"
"250160090","PSZENNO","2001","03","15",9.5,"",1.5,"",4.0,"",.0,"8",2.5,"","W",0,"9"
"250160090","PSZENNO","2001","03","16",11.0,"",.0,"",4.8,"",.0,"8",.5,"","W",0,"9"
"250160090","PSZENNO","2001","03","17",10.0,"",1.2,"",4.0,"",.0,"8",15.9,"","S",0,"9"
"250160090","PSZENNO","2001","03","18",5.0,"",.1,"",1.8,"",.0,"8",1.5,"","W",4,""
"250160090","PSZENNO","2001","03","19",15.0,"",1.3,"",6.7,"",.0,"8",.5,"","S",0,""
"250160090","PSZENNO","2001","03","20",6.0,"",-1.9,"",.4,"",.0,"8",.0,"9","",0,""
"250160090","PSZENNO","2001","03","21",3.5,"",-5.3,"",-1.9,"",.0,"8",.0,"9","",0,"9"
"250160090","PSZENNO","2001","03","22",6.5,"",-1.1,"",2.1,"",.0,"8",.7,"","W",0,"9"
"250160090","PSZENNO","2001","03","23",6.4,"",1.1,"",3.1,"",.0,"8",4.5,"","S",0,"9"
"250160090","PSZENNO","2001","03","24",16.0,"",.4,"",6.6,"",.0,"8",3.3,"","W",0,"9"
"250160090","PSZENNO","2001","03","25",10.6,"",.7,"",3.6,"",.0,"8",9.6,"","S",0,"9"
"250160090","PSZENNO","2001","03","26",3.0,"",-2.9,"",-1.1,"",.0,"8",3.1,"","S",1,""
"250160090","PSZENNO","2001","03","27",.0,"",-5.3,"",-3.0,"",.0,"8",.0,"9","",0,"9"
"250160090","PSZENNO","2001","03","28",3.8,"",-3.5,"",-.8,"",.0,"8",.0,"9","",0,"9"
"250160090","PSZENNO","2001","03","29",9.2,"",-2.1,"",2.3,"",.0,"8",.0,"9","",0,"9"
"250160090","PSZENNO","2001","03","30",11.5,"",4.2,"",7.5,"",.0,"8",3.5,"","W",0,"9"
"250160090","PSZENNO","2001","03","31",13.0,"",5.4,"",8.1,"",.0,"8",.8,"","W",0,"9"
"250160130","SZCZAWNO-ZDRÓJ","2001","03","01",4.5,"",-1.0,"",1.1,"",-4.6,"",.0,"9","",12,""
"250160130","SZCZAWNO-ZDRÓJ","2001","03","02",4.8,"",-1.8,"",1.2,"",-5.2,"",.0,"9","",12,""
"250160130","SZCZAWNO-ZDRÓJ","2001","03","03",1.7,"",-.5,"",.3,"",-2.0,"",3.0,"","S",11,""
"250160130","SZCZAWNO-ZDRÓJ","2001","03","04",4.9,"",-1.0,"",2.0,"",-2.6,"",2.6,"","S",14,""
"250160130","SZCZAWNO-ZDRÓJ","2001","03","05",4.7,"",-1.7,"",.2,"",-2.9,"",3.3,"","S",14,""
"250160130","SZCZAWNO-ZDRÓJ","2001","03","06",1.2,"",-9.8,"",-4.9,"",-15.8,"",.0,"9","",9,""
"250160130","SZCZAWNO-ZDRÓJ","2001","03","07",6.6,"",-2.7,"",2.2,"",-9.3,"",.0,"9","",5,""
"250160130","SZCZAWNO-ZDRÓJ","2001","03","08",8.1,"",3.5,"",5.3,"",.0,"8",.0,"9","",0,"9"
"250160130","SZCZAWNO-ZDRÓJ","2001","03","09",7.6,"",4.0,"",5.5,"",.0,"8",.2,"","W",0,"9"
"250160130","SZCZAWNO-ZDRÓJ","2001","03","10",12.0,"",4.0,"",8.4,"",.0,"8",.0,"9","",0,"9"
"250160130","SZCZAWNO-ZDRÓJ","2001","03","11",13.5,"",6.5,"",9.4,"",.0,"8",.3,"","W",0,"9"
"250160130","SZCZAWNO-ZDRÓJ","2001","03","12",15.0,"",6.5,"",11.2,"",.0,"8",6.0,"","W",0,"9"
"250160130","SZCZAWNO-ZDRÓJ","2001","03","13",13.4,"",6.5,"",8.4,"",.0,"8",1.8,"","W",0,"9"
"250160130","SZCZAWNO-ZDRÓJ","2001","03","14",10.0,"",2.5,"",4.8,"",.0,"8",.0,"9","",0,"9"
"250160130","SZCZAWNO-ZDRÓJ","2001","03","15",6.1,"",.0,"",2.5,"",.0,"8",1.8,"","W",0,"9"
"250160130","SZCZAWNO-ZDRÓJ","2001","03","16",8.6,"",-1.5,"",3.5,"",.0,"8",.0,"9","",0,"9"
"250160130","SZCZAWNO-ZDRÓJ","2001","03","17",5.6,"",.5,"",2.4,"",.0,"8",14.9,"","S",0,"9"
"250160130","SZCZAWNO-ZDRÓJ","2001","03","18",5.1,"",-1.5,"",1.5,"",.0,"8",1.8,"","S",4,""
"250160130","SZCZAWNO-ZDRÓJ","2001","03","19",11.0,"",.5,"",4.8,"",.0,"8",2.6,"","S",0,""
"250160130","SZCZAWNO-ZDRÓJ","2001","03","20",.8,"",-5.7,"",-3.0,"",.0,"8",.1,"","S",0,""
"250160130","SZCZAWNO-ZDRÓJ","2001","03","21",.2,"",-6.7,"",-3.3,"",.0,"8",.4,"","S",0,""
"250160130","SZCZAWNO-ZDRÓJ","2001","03","22",5.1,"",-4.6,"",1.1,"",.0,"8",1.4,"","S",0,""
"250160130","SZCZAWNO-ZDRÓJ","2001","03","23",4.1,"",-.5,"",1.5,"",.0,"8",4.2,"","S",0,"9"
"250160130","SZCZAWNO-ZDRÓJ","2001","03","24",12.5,"",-.3,"",6.3,"",.0,"8",6.5,"","W",0,"9"
"250160130","SZCZAWNO-ZDRÓJ","2001","03","25",6.7,"",-.5,"",1.8,"",.0,"8",11.7,"","S",0,"9"
"250160130","SZCZAWNO-ZDRÓJ","2001","03","26",1.2,"",-5.2,"",-2.8,"",.0,"8",4.2,"","S",3,""
"250160130","SZCZAWNO-ZDRÓJ","2001","03","27",-2.6,"",-6.2,"",-4.5,"",.0,"8",.0,"9","",2,""
"250160130","SZCZAWNO-ZDRÓJ","2001","03","28",.7,"",-4.7,"",-2.4,"",.0,"8",.0,"9","",0,"9"
"250160130","SZCZAWNO-ZDRÓJ","2001","03","29",5.1,"",-4.2,"",1.2,"",.0,"8",.0,"9","",0,"9"
"250160130","SZCZAWNO-ZDRÓJ","2001","03","30",7.1,"",2.5,"",5.2,"",.0,"8",3.2,"","W",0,"9"
"250160130","SZCZAWNO-ZDRÓJ","2001","03","31",10.0,"",4.5,"",6.8,"",.0,"8",.0,"9","",0,"9"
"250160360","TARNÓW","2001","03","01",3.2,"",-1.1,"",.8,"",-5.5,"",.0,"9","",5,""
"250160360","TARNÓW","2001","03","02",4.0,"",-.6,"",1.1,"",-3.9,"",.0,"","S",3,""
"250160360","TARNÓW","2001","03","03",1.3,"",-3.2,"",-.7,"",-5.8,"",.7,"","S",2,""
"250160360","TARNÓW","2001","03","04",6.2,"",.1,"",3.1,"",-.2,"",3.9,"","S",1,""
"250160360","TARNÓW","2001","03","05",5.9,"",-.4,"",1.4,"",-.9,"",2.9,"","S",0,"9"
"250160360","TARNÓW","2001","03","06",1.2,"",-2.9,"",-1.3,"",-4.4,"",.0,"9","",3,""
"250160360","TARNÓW","2001","03","07",7.2,"",-1.6,"",2.5,"",-4.3,"",.0,"9","",0,"9"
"250160360","TARNÓW","2001","03","08",10.2,"",3.1,"",6.0,"",-1.2,"",.0,"9","",0,"9"
"250160360","TARNÓW","2001","03","09",8.4,"",5.2,"",6.6,"",3.3,"",.0,"9","",0,"9"
"250160360","TARNÓW","2001","03","10",14.0,"",5.7,"",9.0,"",3.5,"",.0,"9","",0,"9"
"250160360","TARNÓW","2001","03","11",12.5,"",8.2,"",9.9,"",6.7,"",.0,"9","",0,"9"
"250160360","TARNÓW","2001","03","12",15.0,"",7.9,"",11.6,"",5.6,"",1.7,"","W",0,"9"
"250160360","TARNÓW","2001","03","13",14.1,"",7.6,"",9.4,"",5.6,"",2.8,"","W",0,"9"
"250160360","TARNÓW","2001","03","14",8.5,"",3.2,"",5.7,"",-.5,"",.0,"9","",0,"9"
"250160360","TARNÓW","2001","03","15",6.5,"",2.2,"",3.7,"",-2.0,"",1.1,"","W",0,"9"
"250160360","TARNÓW","2001","03","16",9.3,"",-.2,"",4.5,"",-2.8,"",.0,"9","",0,"9"
"250160360","TARNÓW","2001","03","17",7.4,"",2.4,"",3.8,"",2.0,"",13.2,"","S",0,"9"
"250160360","TARNÓW","2001","03","18",3.6,"",.0,"",1.5,"",-.5,"",.6,"","S",3,""
"250160360","TARNÓW","2001","03","19",12.1,"",1.6,"",5.5,"",.1,"",.4,"","W",0,"9"
"250160360","TARNÓW","2001","03","20",2.7,"",-1.5,"",-.3,"",-3.0,"",.0,"9","",0,"9"
"250160360","TARNÓW","2001","03","21",.6,"",-5.3,"",-2.4,"",-7.1,"",1.4,"","S",0,"9"
"250160360","TARNÓW","2001","03","22",4.5,"",-1.6,"",1.3,"",-2.2,"",.9,"","W",1,""
"250160360","TARNÓW","2001","03","23",4.3,"",1.5,"",2.9,"",1.3,"",4.2,"","W",0,"9"
"250160360","TARNÓW","2001","03","24",13.2,"",.3,"",6.7,"",.0,"",8.8,"","W",0,"9"
"250160360","TARNÓW","2001","03","25",8.0,"",1.1,"",3.1,"",1.0,"",14.4,"","S",0,"9"
"250160360","TARNÓW","2001","03","26",1.1,"",-3.6,"",-1.9,"",-4.0,"",3.4,"","S",2,""
"250160360","TARNÓW","2001","03","27",-2.0,"",-4.3,"",-3.3,"",-5.2,"",.0,"9","",5,""
"250160360","TARNÓW","2001","03","28",.3,"",-3.8,"",-1.8,"",-4.6,"",.0,"9","",3,""
"250160360","TARNÓW","2001","03","29",6.2,"",-3.9,"",.9,"",-5.3,"",.0,"9","",0,"9"
"250160360","TARNÓW","2001","03","30",9.6,"",3.5,"",6.7,"",2.6,"",1.3,"","W",0,"9"
"250160360","TARNÓW","2001","03","31",10.1,"",5.5,"",6.8,"",3.5,"",2.3,"","W",0,"9"
"250160480","S£OSZÓW","2001","03","01",.9,"",-2.0,"",-.6,"",-2.5,"",.4,"","S",29,""
"250160480","S£OSZÓW","2001","03","02",-.5,"",-4.2,"",-2.0,"",-7.2,"",.4,"","S",21,""
"250160480","S£OSZÓW","2001","03","03",-.6,"",-6.0,"",-2.4,"",-8.7,"",.0,"","S",20,""
"250160480","S£OSZÓW","2001","03","04",2.0,"",-1.6,"",.2,"",-4.0,"",8.6,"","W",19,""
"250160480","S£OSZÓW","2001","03","05",2.0,"",-1.0,"",.5,"",-3.0,"",5.8,"","S",10,""
"250160480","S£OSZÓW","2001","03","06",-1.0,"",-4.0,"",-2.9,"",-6.8,"",.0,"9","",9,""
"250160480","S£OSZÓW","2001","03","07",1.0,"",-5.2,"",-1.0,"",-7.0,"",.0,"9","",9,""
"250160480","S£OSZÓW","2001","03","08",4.7,"",1.0,"",3.2,"",-3.0,"",.0,"9","",9,""
"250160480","S£OSZÓW","2001","03","09",4.0,"",2.2,"",3.6,"",-1.0,"",.8,"","W",9,""
"250160480","S£OSZÓW","2001","03","10",7.0,"",4.0,"",5.6,"",1.0,"",.9,"","W",7,""
"250160480","S£OSZÓW","2001","03","11",8.0,"",7.0,"",7.5,"",3.0,"",3.8,"","W",0,"9"
"250160480","S£OSZÓW","2001","03","12",12.0,"",8.0,"",10.0,"",4.5,"",3.2,"","W",0,"9"
"250160480","S£OSZÓW","2001","03","13",11.0,"",5.0,"",6.8,"",2.5,"",8.5,"","W",0,"9"
"250160480","S£OSZÓW","2001","03","14",5.0,"",2.8,"",3.4,"",.5,"",3.5,"","W",0,"9"
"250160480","S£OSZÓW","2001","03","15",2.8,"",.0,"",1.5,"",-2.0,"",2.4,"","W",0,"9"
"250160480","S£OSZÓW","2001","03","16",5.3,"",-1.0,"",2.1,"",-3.1,"",.1,"","W",0,"9"
"250160480","S£OSZÓW","2001","03","17",5.0,"",3.2,"",3.7,"",-.5,"",9.2,"","W",0,"9"
"250160480","S£OSZÓW","2001","03","18",4.1,"",.0,"",2.0,"",-3.1,"",1.5,"","W",0,"9"
"250160480","S£OSZÓW","2001","03","19",6.2,"",3.2,"",4.8,"",.0,"",2.0,"","S",0,"9"
"250160480","S£OSZÓW","2001","03","20",3.6,"",-4.2,"",-2.1,"",-5.1,"",.0,"9","",1,""
"250160480","S£OSZÓW","2001","03","21",-2.0,"",-7.0,"",-4.5,"",-8.5,"",2.6,"","S",0,"9"
"250160480","S£OSZÓW","2001","03","22",1.4,"",-2.6,"",-.6,"",-5.6,"",1.2,"","S",3,""
"250160480","S£OSZÓW","2001","03","23",2.0,"",1.4,"",1.8,"",-1.5,"",5.5,"","S",0,"9"
"250160480","S£OSZÓW","2001","03","24",10.0,"",2.0,"",6.8,"",-.5,"",6.1,"","S",1,""
"250160480","S£OSZÓW","2001","03","25",9.4,"",3.0,"",4.8,"",.8,"",18.5,"","S",0,"9"
"250160480","S£OSZÓW","2001","03","26",3.0,"",-2.4,"",-1.0,"",-4.6,"",3.1,"","S",2,""
"250160480","S£OSZÓW","2001","03","27",-2.4,"",-6.0,"",-5.1,"",-6.7,"",.2,"","S",4,""
"250160480","S£OSZÓW","2001","03","28",-2.0,"",-6.0,"",-3.8,"",-6.7,"",.0,"9","",4,""
"250160480","S£OSZÓW","2001","03","29",1.0,"",-4.2,"",-.6,"",-6.1,"",.1,"","W",2,""
"250160480","S£OSZÓW","2001","03","30",5.4,"",1.0,"",3.7,"",-.5,"",1.0,"","W",0,"9"
"250160480","S£OSZÓW","2001","03","31",7.0,"",4.2,"",5.3,"",1.5,"",2.8,"","W",0,"9"
"250160520","L¥DEK-ZDRÓJ","2001","03","01",-.5,"",-2.5,"",-1.5,"",-3.9,"",.0,"9","",18,""
"250160520","L¥DEK-ZDRÓJ","2001","03","02",3.0,"",-2.0,"",-.2,"",-2.9,"",.3,"","S",16,""
"250160520","L¥DEK-ZDRÓJ","2001","03","03",1.5,"",-1.8,"",.0,"",-1.9,"",.5,"","S",15,""
"250160520","L¥DEK-ZDRÓJ","2001","03","04",6.0,"",.4,"",3.3,"",.1,"",1.7,"","S",14,""
"250160520","L¥DEK-ZDRÓJ","2001","03","05",6.0,"",.0,"",2.1,"",-.9,"",3.3,"","S",10,""
"250160520","L¥DEK-ZDRÓJ","2001","03","06",1.5,"",-3.5,"",-1.8,"",-4.4,"",.0,"9","",10,""
"250160520","L¥DEK-ZDRÓJ","2001","03","07",6.5,"",-3.0,"",1.8,"",-4.1,"",.0,"9","",10,""
"250160520","L¥DEK-ZDRÓJ","2001","03","08",8.0,"",2.5,"",4.6,"",1.1,"",.0,"9","",4,""
"250160520","L¥DEK-ZDRÓJ","2001","03","09",8.5,"",5.0,"",6.6,"",3.1,"",.4,"","W",1,""
"250160520","L¥DEK-ZDRÓJ","2001","03","10",13.4,"",1.5,"",6.5,"",1.1,"",.2,"","W",0,"9"
"250160520","L¥DEK-ZDRÓJ","2001","03","11",12.0,"",5.5,"",8.4,"",3.1,"",.3,"","W",0,"9"
"250160520","L¥DEK-ZDRÓJ","2001","03","12",14.9,"",4.0,"",9.5,"",2.1,"",.3,"","W",0,"9"
"250160520","L¥DEK-ZDRÓJ","2001","03","13",12.0,"",5.0,"",7.8,"",4.2,"",6.7,"","W",0,"9"
"250160520","L¥DEK-ZDRÓJ","2001","03","14",5.5,"",3.0,"",4.3,"",.1,"",.2,"","W",0,"9"
"250160520","L¥DEK-ZDRÓJ","2001","03","15",5.5,"",1.5,"",3.0,"",1.1,"",1.2,"","W",0,"9"
"250160520","L¥DEK-ZDRÓJ","2001","03","16",8.0,"",.0,"",3.9,"",-1.4,"",.0,"9","",0,"9"
"250160520","L¥DEK-ZDRÓJ","2001","03","17",7.0,"",1.5,"",3.8,"",1.1,"",7.5,"","S",0,"9"
"250160520","L¥DEK-ZDRÓJ","2001","03","18",5.0,"",-.5,"",1.9,"",-.9,"",.6,"","S",0,""
"250160520","L¥DEK-ZDRÓJ","2001","03","19",7.5,"",3.0,"",5.7,"",1.6,"",.9,"","S",0,"9"
"250160520","L¥DEK-ZDRÓJ","2001","03","20",5.3,"",-2.5,"",-.4,"",-3.9,"",.0,"9","",0,""
"250160520","L¥DEK-ZDRÓJ","2001","03","21",.5,"",-5.5,"",-3.1,"",-6.4,"",2.1,"","S",0,"9"
"250160520","L¥DEK-ZDRÓJ","2001","03","22",4.0,"",-3.0,"",.4,"",-3.9,"",1.0,"","S",0,""
"250160520","L¥DEK-ZDRÓJ","2001","03","23",3.5,"",1.0,"",2.1,"",.1,"",4.8,"","S",0,"9"
"250160520","L¥DEK-ZDRÓJ","2001","03","24",12.5,"",1.0,"",5.4,"",.6,"",3.8,"","W",0,"9"
"250160520","L¥DEK-ZDRÓJ","2001","03","25",6.0,"",.8,"",2.9,"",.1,"",6.2,"","S",0,"9"
"250160520","L¥DEK-ZDRÓJ","2001","03","26",1.0,"",-5.0,"",-2.3,"",-5.9,"",4.6,"","S",0,""
"250160520","L¥DEK-ZDRÓJ","2001","03","27",-2.0,"",-5.5,"",-4.0,"",-7.5,"",.7,"","S",1,""
"250160520","L¥DEK-ZDRÓJ","2001","03","28",.0,"",-5.5,"",-3.7,"",-5.9,"",.0,"9","",2,""
"250160520","L¥DEK-ZDRÓJ","2001","03","29",5.0,"",-4.4,"",.9,"",-4.9,"",.0,"9","",1,""
"250160520","L¥DEK-ZDRÓJ","2001","03","30",9.5,"",2.8,"",6.1,"",2.1,"",.4,"","W",0,"9"
"250160520","L¥DEK-ZDRÓJ","2001","03","31",10.5,"",4.0,"",5.9,"",3.2,"",3.9,"","W",0,"9"
"250160590","D£UGOPOLE-ZDRÓJ","2001","03","01",1.5,"",-.8,"",-.1,"",.0,"8",.0,"9","",12,""
"250160590","D£UGOPOLE-ZDRÓJ","2001","03","02",2.5,"",-3.6,"",-1.6,"",.0,"8",.2,"","S",12,""
"250160590","D£UGOPOLE-ZDRÓJ","2001","03","03",1.3,"",-3.6,"",-.9,"",.0,"8",.3,"","S",8,""
"250160590","D£UGOPOLE-ZDRÓJ","2001","03","04",5.3,"",-.2,"",2.5,"",.0,"8",2.0,"","S",6,""
"250160590","D£UGOPOLE-ZDRÓJ","2001","03","05",5.0,"",-1.4,"",1.5,"",.0,"8",2.2,"","S",4,""
"250160590","D£UGOPOLE-ZDRÓJ","2001","03","06",1.6,"",-2.8,"",-1.4,"",.0,"8",.0,"9","",4,""
"250160590","D£UGOPOLE-ZDRÓJ","2001","03","07",5.3,"",-4.2,"",1.4,"",.0,"8",.0,"9","",2,""
"250160590","D£UGOPOLE-ZDRÓJ","2001","03","08",7.7,"",1.6,"",4.5,"",.0,"8",.0,"9","",0,"9"
"250160590","D£UGOPOLE-ZDRÓJ","2001","03","09",7.9,"",4.5,"",5.7,"",.0,"8",.5,"","W",0,"9"
"250160590","D£UGOPOLE-ZDRÓJ","2001","03","10",12.3,"",3.3,"",7.4,"",.0,"8",.3,"","W",0,"9"
"250160590","D£UGOPOLE-ZDRÓJ","2001","03","11",12.7,"",6.5,"",8.6,"",.0,"8",1.8,"","W",0,"9"
"250160590","D£UGOPOLE-ZDRÓJ","2001","03","12",14.9,"",4.5,"",9.8,"",.0,"8",.2,"","W",0,"9"
"250160590","D£UGOPOLE-ZDRÓJ","2001","03","13",12.2,"",3.3,"",7.1,"",.0,"8",3.0,"","W",0,"9"
"250160590","D£UGOPOLE-ZDRÓJ","2001","03","14",7.6,"",.6,"",4.0,"",.0,"8",.4,"","W",0,"9"
"250160590","D£UGOPOLE-ZDRÓJ","2001","03","15",5.5,"",1.0,"",3.2,"",.0,"8",2.6,"","W",0,"9"
"250160590","D£UGOPOLE-ZDRÓJ","2001","03","16",5.9,"",-3.2,"",2.5,"",.0,"8",.0,"9","",0,"9"
"250160590","D£UGOPOLE-ZDRÓJ","2001","03","17",5.4,"",2.8,"",3.9,"",.0,"8",5.8,"","S",0,"9"
"250160590","D£UGOPOLE-ZDRÓJ","2001","03","18",7.7,"",-.6,"",3.0,"",.0,"8",1.6,"","W",0,""
"250160590","D£UGOPOLE-ZDRÓJ","2001","03","19",12.1,"",1.3,"",5.4,"",.0,"8",1.2,"","S",0,"9"
"250160590","D£UGOPOLE-ZDRÓJ","2001","03","20",2.1,"",-2.4,"",-1.1,"",.0,"8",.1,"","S",2,""
"250160590","D£UGOPOLE-ZDRÓJ","2001","03","21",1.1,"",-5.8,"",-2.6,"",.0,"8",2.8,"","S",0,"9"
"250160590","D£UGOPOLE-ZDRÓJ","2001","03","22",2.3,"",-2.4,"",.4,"",.0,"8",.1,"","S",4,""
"250160590","D£UGOPOLE-ZDRÓJ","2001","03","23",5.1,"",1.9,"",3.3,"",.0,"8",8.2,"","W",0,"9"
"250160590","D£UGOPOLE-ZDRÓJ","2001","03","24",10.7,"",2.8,"",5.9,"",.0,"8",2.8,"","W",0,"9"
"250160590","D£UGOPOLE-ZDRÓJ","2001","03","25",4.2,"",.6,"",2.4,"",.0,"8",6.8,"","S",0,"9"
"250160590","D£UGOPOLE-ZDRÓJ","2001","03","26",1.4,"",-3.8,"",-1.7,"",.0,"8",3.0,"","S",2,""
"250160590","D£UGOPOLE-ZDRÓJ","2001","03","27",-1.9,"",-4.8,"",-3.6,"",.0,"8",1.2,"","S",3,""
"250160590","D£UGOPOLE-ZDRÓJ","2001","03","28",2.1,"",-4.4,"",-1.6,"",.0,"8",.0,"9","",3,""
"250160590","D£UGOPOLE-ZDRÓJ","2001","03","29",3.1,"",-2.8,"",.7,"",.0,"8",.0,"9","",0,"9"
"250160590","D£UGOPOLE-ZDRÓJ","2001","03","30",7.8,"",2.5,"",5.6,"",.0,"8",.6,"","W",0,"9"
"250160590","D£UGOPOLE-ZDRÓJ","2001","03","31",10.1,"",4.5,"",6.0,"",.0,"8",3.6,"","W",0,"9"
"250160610","BOLES£AWÓW","2001","03","01",-.4,"",-2.3,"",-1.7,"",-5.8,"",.0,"9","",20,""
"250160610","BOLES£AWÓW","2001","03","02",2.1,"",-3.1,"",-.9,"",-5.2,"",1.1,"","S",20,""
"250160610","BOLES£AWÓW","2001","03","03",.6,"",-2.3,"",-.5,"",-5.1,"",3.1,"","S",25,""
"250160610","BOLES£AWÓW","2001","03","04",5.4,"",-1.0,"",2.7,"",-4.9,"",10.0,"","W",22,""
"250160610","BOLES£AWÓW","2001","03","05",5.2,"",-2.4,"",.8,"",-5.7,"",10.3,"","S",8,""
"250160610","BOLES£AWÓW","2001","03","06",1.7,"",-3.6,"",-1.6,"",-5.8,"",.0,"9","",10,""
"250160610","BOLES£AWÓW","2001","03","07",4.8,"",-1.9,"",1.0,"",-4.2,"",.0,"9","",10,""
"250160610","BOLES£AWÓW","2001","03","08",7.1,"",1.6,"",3.6,"",-3.1,"",.0,"9","",9,""
"250160610","BOLES£AWÓW","2001","03","09",7.6,"",3.5,"",4.9,"",-1.2,"",.0,"9","",4,""
"250160610","BOLES£AWÓW","2001","03","10",12.5,"",2.3,"",6.6,"",-1.8,"",.0,"9","",1,""
"250160610","BOLES£AWÓW","2001","03","11",10.0,"",5.2,"",7.4,"",.0,"",.0,"9","",0,"9"
"250160610","BOLES£AWÓW","2001","03","12",13.5,"",4.5,"",8.6,"",-.5,"",2.4,"","W",0,"9"
"250160610","BOLES£AWÓW","2001","03","13",10.3,"",5.2,"",6.9,"",2.5,"",6.5,"","W",0,"9"
"250160610","BOLES£AWÓW","2001","03","14",5.6,"",2.7,"",3.7,"",-1.8,"",1.2,"","W",0,"9"
"250160610","BOLES£AWÓW","2001","03","15",3.5,"",1.3,"",2.3,"",-3.1,"",1.4,"","W",0,"9"
"250160610","BOLES£AWÓW","2001","03","16",5.1,"",-1.2,"",2.1,"",-6.0,"",.0,"9","",0,"9"
"250160610","BOLES£AWÓW","2001","03","17",6.5,"",2.2,"",3.7,"",-.7,"",5.7,"","S",0,"9"
"250160610","BOLES£AWÓW","2001","03","18",4.1,"",-1.5,"",1.4,"",-5.2,"",.8,"","S",1,""
"250160610","BOLES£AWÓW","2001","03","19",8.5,"",2.1,"",4.5,"",-.9,"",6.2,"","S",0,"9"
"250160610","BOLES£AWÓW","2001","03","20",2.2,"",-3.8,"",-2.1,"",-7.0,"",.0,"9","",1,""
"250160610","BOLES£AWÓW","2001","03","21",-.2,"",-8.1,"",-4.2,"",-9.5,"",1.6,"","S",1,""
"250160610","BOLES£AWÓW","2001","03","22",1.5,"",-3.3,"",-.6,"",-5.6,"",.0,"9","",2,""
"250160610","BOLES£AWÓW","2001","03","23",2.6,"",-3.1,"",.9,"",-3.9,"",4.1,"","W",1,""
"250160610","BOLES£AWÓW","2001","03","24",12.0,"",.5,"",6.6,"",-1.0,"",2.0,"","W",0,"9"
"250160610","BOLES£AWÓW","2001","03","25",7.5,"",.8,"",3.1,"",-.9,"",3.7,"","W",0,"9"
"250160610","BOLES£AWÓW","2001","03","26",.8,"",-5.3,"",-2.7,"",-7.1,"",3.5,"","S",0,"9"
"250160610","BOLES£AWÓW","2001","03","27",-4.0,"",-6.6,"",-5.2,"",-7.7,"",.0,"9","",4,""
"250160610","BOLES£AWÓW","2001","03","28",.0,"",-5.0,"",-3.0,"",-7.0,"",.0,"9","",3,""
"250160610","BOLES£AWÓW","2001","03","29",2.8,"",-5.0,"",-.8,"",-6.7,"",.0,"9","",1,""
"250160610","BOLES£AWÓW","2001","03","30",7.5,"",.8,"",4.4,"",-.7,"",.2,"","W",0,"9"
"250160610","BOLES£AWÓW","2001","03","31",6.8,"",2.2,"",4.0,"",-.5,"",3.4,"","W",0,"9"
"250170110","DOBROGOSZCZ","2001","03","01",3.3,"",-3.3,"",.8,"",-6.2,"",.0,"9","",2,""
"250170110","DOBROGOSZCZ","2001","03","02",3.6,"",-2.4,"",1.1,"",-4.2,"",.0,"9","",0,"9"
"250170110","DOBROGOSZCZ","2001","03","03",5.6,"",-2.7,"",1.5,"",-5.4,"",.0,"9","",0,"9"
"250170110","DOBROGOSZCZ","2001","03","04",5.8,"",-1.1,"",1.9,"",-2.9,"",.1,"","S",0,"9"
"250170110","DOBROGOSZCZ","2001","03","05",2.7,"",-1.5,"",.0,"",-1.5,"",3.2,"","S",0,""
"250170110","DOBROGOSZCZ","2001","03","06",2.2,"",-4.3,"",-1.5,"",-6.0,"",.0,"9","",0,""
"250170110","DOBROGOSZCZ","2001","03","07",8.7,"",-5.4,"",1.5,"",-8.5,"",.0,"9","",0,""
"250170110","DOBROGOSZCZ","2001","03","08",9.3,"",2.0,"",6.1,"",1.6,"",.0,"9","",0,"9"
"250170110","DOBROGOSZCZ","2001","03","09",9.2,"",.0,"",5.8,"",-.9,"",.0,"9","",0,"9"
"250170110","DOBROGOSZCZ","2001","03","10",10.7,"",4.1,"",7.7,"",3.6,"",.0,"9","",0,"9"
"250170110","DOBROGOSZCZ","2001","03","11",13.9,"",4.8,"",9.4,"",4.2,"",.7,"","W",0,"9"
"250170110","DOBROGOSZCZ","2001","03","12",16.0,"",5.4,"",10.9,"",4.5,"",1.5,"","W",0,"9"
"250170110","DOBROGOSZCZ","2001","03","13",13.4,"",5.1,"",8.6,"",4.5,"",2.6,"","W",0,"9"
"250170110","DOBROGOSZCZ","2001","03","14",9.5,"",2.1,"",5.5,"",-.6,"",.2,"","W",0,"9"
"250170110","DOBROGOSZCZ","2001","03","15",7.6,"",.8,"",3.7,"",-1.2,"",3.6,"","W",0,"9"
"250170110","DOBROGOSZCZ","2001","03","16",9.2,"",-1.8,"",3.6,"",-3.9,"",.0,"9","",0,"9"
"250170110","DOBROGOSZCZ","2001","03","17",8.1,"",1.8,"",4.9,"",1.1,"",12.1,"","S",0,"9"
"250170110","DOBROGOSZCZ","2001","03","18",7.8,"",2.2,"",5.5,"",.7,"",4.5,"","W",2,""
"250170110","DOBROGOSZCZ","2001","03","19",12.5,"",3.6,"",7.0,"",.5,"",.0,"9","",0,"9"
"250170110","DOBROGOSZCZ","2001","03","20",12.2,"",-2.1,"",3.7,"",-3.5,"",.1,"","W",0,"9"
"250170110","DOBROGOSZCZ","2001","03","21",8.6,"",-7.1,"",.1,"",-8.2,"",.0,"9","",0,"9"
"250170110","DOBROGOSZCZ","2001","03","22",4.8,"",-1.7,"",1.7,"",-3.1,"",.8,"","W",0,"9"
"250170110","DOBROGOSZCZ","2001","03","23",4.1,"",.4,"",2.6,"",.3,"",3.3,"","S",0,"9"
"250170110","DOBROGOSZCZ","2001","03","24",12.3,"",-.4,"",5.3,"",-.9,"",2.1,"","W",0,"9"
"250170110","DOBROGOSZCZ","2001","03","25",10.1,"",1.7,"",4.6,"",1.4,"",10.2,"","S",0,"9"
"250170110","DOBROGOSZCZ","2001","03","26",4.7,"",-2.2,"",.4,"",-4.5,"",6.4,"","S",0,""
"250170110","DOBROGOSZCZ","2001","03","27",.3,"",-5.2,"",-2.6,"",-7.3,"",.0,"9","",4,""
"250170110","DOBROGOSZCZ","2001","03","28",2.3,"",-5.6,"",-1.4,"",-6.5,"",.0,"9","",0,""
"250170110","DOBROGOSZCZ","2001","03","29",6.7,"",-4.3,"",1.5,"",-5.8,"",.0,"9","",0,""
"250170110","DOBROGOSZCZ","2001","03","30",10.5,"",1.9,"",6.4,"",1.6,"",1.1,"","W",0,"9"
"250170110","DOBROGOSZCZ","2001","03","31",11.2,"",4.3,"",7.0,"",2.9,"",1.9,"","W",0,"9"
"250170140","GRODKÓW","2001","03","01",4.3,"",-.2,"",1.3,"",-2.6,"",.0,"9","",0,"9"
"250170140","GRODKÓW","2001","03","02",5.5,"",-3.1,"",1.1,"",-6.1,"",.0,"","S",0,"9"
"250170140","GRODKÓW","2001","03","03",2.0,"",-3.0,"",.1,"",-5.8,"",.2,"","S",0,"9"
"250170140","GRODKÓW","2001","03","04",4.1,"",-.9,"",2.0,"",-.6,"",1.3,"","S",0,"9"
"250170140","GRODKÓW","2001","03","05",5.6,"",.1,"",1.7,"",.2,"",.7,"","S",0,""
"250170140","GRODKÓW","2001","03","06",3.6,"",-3.0,"",-.7,"",-4.8,"",.0,"9","",0,"9"
"250170140","GRODKÓW","2001","03","07",10.5,"",-4.9,"",.8,"",-7.3,"",.0,"9","",0,"9"
"250170140","GRODKÓW","2001","03","08",10.9,"",.0,"",5.1,"",-4.9,"",.0,"9","",0,"9"
"250170140","GRODKÓW","2001","03","09",10.8,"",.1,"",4.8,"",-1.2,"",.0,"9","",0,"9"
"250170140","GRODKÓW","2001","03","10",16.6,"",2.7,"",7.7,"",-.3,"",.0,"9","",0,"9"
"250170140","GRODKÓW","2001","03","11",13.3,"",2.5,"",7.9,"",2.9,"",.0,"9","",0,"9"
"250170140","GRODKÓW","2001","03","12",16.4,"",4.3,"",9.6,"",1.2,"",.4,"","W",0,"9"
"250170140","GRODKÓW","2001","03","13",11.4,"",7.5,"",8.8,"",6.1,"",1.8,"","W",0,"9"
"250170140","GRODKÓW","2001","03","14",9.6,"",1.1,"",5.2,"",-.9,"",1.5,"","W",0,"9"
"250170140","GRODKÓW","2001","03","15",8.8,"",2.1,"",4.4,"",-.6,"",4.1,"","W",0,"9"
"250170140","GRODKÓW","2001","03","16",9.0,"",-2.3,"",3.6,"",-4.1,"",.0,"9","",0,"9"
"250170140","GRODKÓW","2001","03","17",8.2,"",3.0,"",4.6,"",2.8,"",14.2,"","S",0,"9"
"250170140","GRODKÓW","2001","03","18",3.6,"",.3,"",1.3,"",-.9,"",.2,"","S",0,""
"250170140","GRODKÓW","2001","03","19",14.6,"",.3,"",5.9,"",-1.0,"",.0,"9","",0,"9"
"250170140","GRODKÓW","2001","03","20",4.1,"",-1.7,"",.1,"",-3.8,"",.0,"9","",0,"9"
"250170140","GRODKÓW","2001","03","21",1.7,"",-5.7,"",-2.0,"",-8.3,"",.0,"9","",0,"9"
"250170140","GRODKÓW","2001","03","22",5.0,"",-1.6,"",1.7,"",-1.5,"",1.4,"","W",0,"9"
"250170140","GRODKÓW","2001","03","23",4.9,"",2.1,"",3.2,"",-.2,"",2.9,"","W",0,"9"
"250170140","GRODKÓW","2001","03","24",14.4,"",.3,"",6.2,"",.3,"",4.4,"","W",0,"9"
"250170140","GRODKÓW","2001","03","25",7.3,"",1.3,"",3.1,"",1.6,"",12.4,"","S",0,"9"
"250170140","GRODKÓW","2001","03","26",1.5,"",-2.7,"",-1.1,"",-2.6,"",3.2,"","S",1,""
"250170140","GRODKÓW","2001","03","27",-.2,"",-4.3,"",-2.4,"",-5.3,"",.0,"9","",2,""
"250170140","GRODKÓW","2001","03","28",2.6,"",-2.7,"",-.6,"",-2.7,"",.0,"9","",1,""
"250170140","GRODKÓW","2001","03","29",6.3,"",-2.7,"",1.9,"",-3.3,"",.0,"9","",0,"9"
"250170140","GRODKÓW","2001","03","30",14.1,"",4.5,"",8.3,"",3.7,"",.0,"9","",0,"9"
"250170140","GRODKÓW","2001","03","31",10.3,"",3.3,"",6.3,"",1.0,"",2.4,"","W",0,"9"
"250170240","KORFANTÓW","2001","03","01",4.1,"",-1.0,"",1.2,"",-3.6,"",.0,"9","",0,"9"
"250170240","KORFANTÓW","2001","03","02",5.7,"",-2.4,"",1.1,"",-6.6,"",.2,"","S",0,"9"
"250170240","KORFANTÓW","2001","03","03",1.9,"",-1.9,"",.3,"",-6.4,"",.5,"","S",0,"9"
"250170240","KORFANTÓW","2001","03","04",4.0,"",-.5,"",1.6,"",.0,"",.5,"","W",0,"9"
"250170240","KORFANTÓW","2001","03","05",6.4,"",-.1,"",1.9,"",.0,"",1.2,"","S",0,"9"
"250170240","KORFANTÓW","2001","03","06",3.6,"",-2.9,"",-.4,"",-6.3,"",.0,"9","",0,"9"
"250170240","KORFANTÓW","2001","03","07",8.9,"",-2.9,"",2.5,"",-7.5,"",.0,"9","",0,"9"
"250170240","KORFANTÓW","2001","03","08",11.1,"",4.6,"",7.3,"",2.3,"",.0,"9","",0,"9"
"250170240","KORFANTÓW","2001","03","09",12.3,"",1.5,"",5.9,"",-1.1,"",.2,"","W",0,"9"
"250170240","KORFANTÓW","2001","03","10",15.9,"",4.3,"",8.4,"",1.5,"",.0,"9","",0,"9"
"250170240","KORFANTÓW","2001","03","11",13.4,"",7.1,"",10.1,"",3.2,"",.0,"","W",0,"9"
"250170240","KORFANTÓW","2001","03","12",17.9,"",4.6,"",10.5,"",2.2,"",.3,"","W",0,"9"
"250170240","KORFANTÓW","2001","03","13",13.8,"",7.7,"",9.5,"",6.1,"",5.9,"","W",0,"9"
"250170240","KORFANTÓW","2001","03","14",9.9,"",4.9,"",6.7,"",4.0,"",.0,"9","",0,"9"
"250170240","KORFANTÓW","2001","03","15",9.7,"",3.4,"",5.3,"",1.2,"",3.4,"","W",0,"9"
"250170240","KORFANTÓW","2001","03","16",9.9,"",-1.4,"",3.9,"",-3.0,"",.0,"9","",0,"9"
"250170240","KORFANTÓW","2001","03","17",7.4,"",2.8,"",4.5,"",2.1,"",11.9,"","S",0,"9"
"250170240","KORFANTÓW","2001","03","18",4.3,"",-.5,"",1.5,"",.0,"",.8,"","S",0,"9"
"250170240","KORFANTÓW","2001","03","19",13.9,"",1.0,"",5.9,"",.4,"",.0,"9","",0,"9"
"250170240","KORFANTÓW","2001","03","20",4.7,"",-1.4,"",.4,"",-2.9,"",.0,"9","",0,"9"
"250170240","KORFANTÓW","2001","03","21",1.4,"",-4.3,"",-1.6,"",-7.2,"",.0,"9","",0,"9"
"250170240","KORFANTÓW","2001","03","22",4.7,"",-1.8,"",1.3,"",-6.3,"",.1,"","S",0,"9"
"250170240","KORFANTÓW","2001","03","23",5.0,"",2.2,"",3.3,"",.8,"",3.0,"","W",0,"9"
"250170240","KORFANTÓW","2001","03","24",14.6,"",.9,"",7.2,"",.6,"",2.2,"","W",0,"9"
"250170240","KORFANTÓW","2001","03","25",10.5,"",1.0,"",4.1,"",1.0,"",11.6,"","S",0,"9"
"250170240","KORFANTÓW","2001","03","26",1.9,"",-2.6,"",-1.2,"",-3.2,"",2.1,"","S",0,""
"250170240","KORFANTÓW","2001","03","27",-.5,"",-4.8,"",-2.6,"",-8.8,"",.0,"9","",0,""
"250170240","KORFANTÓW","2001","03","28",1.4,"",-2.6,"",-.7,"",-4.1,"",.0,"9","",0,"9"
"250170240","KORFANTÓW","2001","03","29",6.3,"",-2.8,"",2.0,"",-4.6,"",.0,"9","",0,"9"
"250170240","KORFANTÓW","2001","03","30",12.3,"",2.7,"",7.0,"",1.0,"",.0,"9","",0,"9"
"250170240","KORFANTÓW","2001","03","31",10.3,"",2.5,"",5.5,"",-2.7,"",2.3,"","W",0,"9"
"250170250","OTMUCHÓW","2001","03","01",5.0,"",-1.4,"",1.1,"",-4.0,"",.0,"9","",9,""
"250170250","OTMUCHÓW","2001","03","02",4.8,"",-6.9,"",-.1,"",-8.9,"",.0,"","S",7,""
"250170250","OTMUCHÓW","2001","03","03",1.6,"",-4.9,"",-.4,"",-7.1,"",.1,"","S",4,""
"250170250","OTMUCHÓW","2001","03","04",7.8,"",-1.1,"",3.6,"",-5.2,"",3.5,"","S",3,""
"250170250","OTMUCHÓW","2001","03","05",7.0,"",-.1,"",2.0,"",-.9,"",1.9,"","S",3,""
"250170250","OTMUCHÓW","2001","03","06",.5,"",-2.7,"",-1.2,"",-6.0,"",.1,"","W",0,""
"250170250","OTMUCHÓW","2001","03","07",15.7,"",-5.7,"",3.0,"",-8.0,"",.0,"9","",0,"9"
"250170250","OTMUCHÓW","2001","03","08",11.8,"",2.2,"",7.1,"",-1.6,"",.0,"9","",0,"9"
"250170250","OTMUCHÓW","2001","03","09",11.2,"",-.1,"",5.0,"",-2.1,"",.3,"","W",0,"9"
"250170250","OTMUCHÓW","2001","03","10",15.7,"",2.2,"",8.3,"",-1.1,"",.1,"","W",0,"9"
"250170250","OTMUCHÓW","2001","03","11",13.2,"",7.6,"",10.0,"",2.4,"",.9,"","W",0,"9"
"250170250","OTMUCHÓW","2001","03","12",16.8,"",2.0,"",11.1,"",-.7,"",.2,"","W",0,"9"
"250170250","OTMUCHÓW","2001","03","13",15.3,"",7.2,"",10.0,"",5.1,"",2.9,"","W",0,"9"
"250170250","OTMUCHÓW","2001","03","14",11.1,"",.9,"",6.0,"",-4.2,"",.1,"","W",0,"9"
"250170250","OTMUCHÓW","2001","03","15",8.7,"",.0,"",4.2,"",-5.0,"",3.0,"","W",0,"9"
"250170250","OTMUCHÓW","2001","03","16",10.7,"",-2.1,"",4.1,"",-5.0,"",.2,"","W",0,"9"
"250170250","OTMUCHÓW","2001","03","17",8.6,"",2.6,"",4.9,"",-.5,"",7.1,"","S",0,"9"
"250170250","OTMUCHÓW","2001","03","18",4.0,"",-.6,"",1.8,"",-2.0,"",1.8,"","S",1,""
"250170250","OTMUCHÓW","2001","03","19",13.5,"",1.2,"",6.7,"",-.6,"",.0,"","S",0,"9"
"250170250","OTMUCHÓW","2001","03","20",5.2,"",-1.3,"",.7,"",-2.3,"",.0,"9","",0,"9"
"250170250","OTMUCHÓW","2001","03","21",1.5,"",-7.4,"",-2.4,"",-8.3,"",.6,"","S",0,"9"
"250170250","OTMUCHÓW","2001","03","22",5.7,"",-1.6,"",2.2,"",-5.0,"",1.1,"","S",1,""
"250170250","OTMUCHÓW","2001","03","23",5.0,"",2.7,"",3.8,"",-.5,"",3.5,"","S",0,"9"
"250170250","OTMUCHÓW","2001","03","24",13.7,"",.2,"",6.3,"",-1.6,"",6.1,"","W",0,"9"
"250170250","OTMUCHÓW","2001","03","25",9.3,"",.8,"",3.9,"",2.3,"",11.6,"","S",0,"9"
"250170250","OTMUCHÓW","2001","03","26",2.0,"",-3.3,"",-.9,"",-4.0,"",1.3,"","S",1,""
"250170250","OTMUCHÓW","2001","03","27",-.5,"",-4.4,"",-2.4,"",-4.7,"",.1,"","S",3,""
"250170250","OTMUCHÓW","2001","03","28",1.8,"",-3.8,"",-1.0,"",-5.2,"",.0,"9","",1,""
"250170250","OTMUCHÓW","2001","03","29",8.3,"",-2.8,"",2.7,"",-3.9,"",.0,"9","",0,"9"
"250170250","OTMUCHÓW","2001","03","30",12.7,"",3.3,"",7.5,"",.0,"",.1,"","W",0,"9"
"250170250","OTMUCHÓW","2001","03","31",10.6,"",3.3,"",6.2,"",-2.1,"",3.3,"","W",0,"9"
"250170330","G£UCHO£AZY","2001","03","01",4.0,"",.4,"",1.7,"",.0,"8",.0,"9","",12,""
"250170330","G£UCHO£AZY","2001","03","02",4.5,"",-1.8,"",.2,"",.0,"8",.3,"","S",11,""
"250170330","G£UCHO£AZY","2001","03","03",2.1,"",-2.1,"",.0,"",.0,"8",.0,"","S",10,""
"250170330","G£UCHO£AZY","2001","03","04",5.5,"",.0,"",3.0,"",.0,"8",4.0,"","W",8,""
"250170330","G£UCHO£AZY","2001","03","05",6.5,"",-.6,"",1.5,"",.0,"8",1.4,"","S",4,""
"250170330","G£UCHO£AZY","2001","03","06",1.1,"",-2.7,"",-1.0,"",.0,"8",1.0,"","S",3,""
"250170330","G£UCHO£AZY","2001","03","07",9.8,"",-2.7,"",2.6,"",.0,"8",.0,"9","",3,""
"250170330","G£UCHO£AZY","2001","03","08",11.9,"",3.0,"",6.5,"",.0,"8",.0,"9","",0,"9"
"250170330","G£UCHO£AZY","2001","03","09",11.5,"",3.1,"",6.3,"",.0,"8",.4,"","W",0,"9"
"250170330","G£UCHO£AZY","2001","03","10",15.5,"",5.0,"",8.6,"",.0,"8",.0,"9","",0,"9"
"250170330","G£UCHO£AZY","2001","03","11",13.0,"",6.6,"",8.9,"",.0,"8",.0,"9","",0,"9"
"250170330","G£UCHO£AZY","2001","03","12",16.9,"",8.0,"",12.0,"",.0,"8",.0,"9","",0,"9"
"250170330","G£UCHO£AZY","2001","03","13",13.9,"",6.9,"",9.5,"",.0,"8",.0,"","W",0,"9"
"250170330","G£UCHO£AZY","2001","03","14",9.5,"",3.0,"",5.7,"",.0,"8",.0,"9","",0,"9"
"250170330","G£UCHO£AZY","2001","03","15",8.8,"",3.2,"",4.8,"",.0,"8",3.6,"","W",0,"9"
"250170330","G£UCHO£AZY","2001","03","16",10.0,"",.2,"",4.5,"",.0,"8",.0,"9","",0,"9"
"250170330","G£UCHO£AZY","2001","03","17",6.5,"",3.2,"",4.4,"",.0,"8",8.0,"","S",0,"9"
"250170330","G£UCHO£AZY","2001","03","18",4.4,"",-.5,"",1.5,"",.0,"8",.3,"","W",1,""
"250170330","G£UCHO£AZY","2001","03","19",12.9,"",1.4,"",6.1,"",.0,"8",.1,"","W",0,"9"
"250170330","G£UCHO£AZY","2001","03","20",3.0,"",-1.9,"",-.5,"",.0,"8",.0,"","S",0,"9"
"250170330","G£UCHO£AZY","2001","03","21",3.0,"",-5.1,"",-1.8,"",.0,"8",.6,"","S",0,"9"
"250170330","G£UCHO£AZY","2001","03","22",6.0,"",-2.1,"",1.8,"",.0,"8",.6,"","W",1,""
"250170330","G£UCHO£AZY","2001","03","23",5.0,"",1.4,"",3.1,"",.0,"8",4.4,"","W",0,"9"
"250170330","G£UCHO£AZY","2001","03","24",13.4,"",1.0,"",6.8,"",.0,"8",3.4,"","W",0,"9"
"250170330","G£UCHO£AZY","2001","03","25",9.4,"",1.1,"",3.8,"",.0,"8",8.4,"","W",0,"9"
"250170330","G£UCHO£AZY","2001","03","26",2.0,"",-3.9,"",-1.4,"",.0,"8",4.2,"","S",0,"9"
"250170330","G£UCHO£AZY","2001","03","27",-2.0,"",-4.9,"",-3.3,"",.0,"8",.0,"","S",4,""
"250170330","G£UCHO£AZY","2001","03","28",-.1,"",-6.0,"",-3.2,"",.0,"8",.0,"9","",3,""
"250170330","G£UCHO£AZY","2001","03","29",6.7,"",-3.7,"",1.9,"",.0,"8",.0,"9","",3,""
"250170330","G£UCHO£AZY","2001","03","30",12.5,"",3.5,"",8.2,"",.0,"8",.0,"9","",0,"9"
"250170330","G£UCHO£AZY","2001","03","31",9.7,"",3.3,"",5.8,"",.0,"8",.0,"9","",0,"9"
"250170390","G£UBCZYCE","2001","03","01",1.7,"",-2.2,"",.1,"",-5.9,"",.0,"9","",8,""
"250170390","G£UBCZYCE","2001","03","02",4.2,"",-1.0,"",.9,"",-4.5,"",.4,"","S",6,""
"250170390","G£UBCZYCE","2001","03","03",1.3,"",-4.4,"",-.7,"",-9.8,"",.3,"","S",4,""
"250170390","G£UBCZYCE","2001","03","04",4.9,"",-.1,"",1.7,"",-.3,"",.8,"","W",4,""
"250170390","G£UBCZYCE","2001","03","05",5.5,"",-.3,"",1.5,"",-.6,"",.0,"","S",2,""
"250170390","G£UBCZYCE","2001","03","06",6.1,"",-3.5,"",-.2,"",-8.0,"",.0,"9","",0,"9"
"250170390","G£UBCZYCE","2001","03","07",8.2,"",-2.2,"",2.4,"",-6.6,"",.0,"9","",0,"9"
"250170390","G£UBCZYCE","2001","03","08",10.4,"",2.4,"",6.2,"",.7,"",.0,"9","",0,"9"
"250170390","G£UBCZYCE","2001","03","09",10.2,"",.6,"",4.6,"",-.8,"",.2,"","W",0,"9"
"250170390","G£UBCZYCE","2001","03","10",13.3,"",3.7,"",7.5,"",-.1,"",.0,"9","",0,"9"
"250170390","G£UBCZYCE","2001","03","11",13.2,"",6.4,"",9.5,"",4.7,"",.1,"","W",0,"9"
"250170390","G£UBCZYCE","2001","03","12",15.7,"",5.6,"",10.5,"",1.2,"",.0,"9","",0,"9"
"250170390","G£UBCZYCE","2001","03","13",12.5,"",5.4,"",8.4,"",4.1,"",5.4,"","W",0,"9"
"250170390","G£UBCZYCE","2001","03","14",9.7,"",1.6,"",4.3,"",-1.9,"",.0,"9","",0,"9"
"250170390","G£UBCZYCE","2001","03","15",8.9,"",.3,"",3.8,"",-4.2,"",1.1,"","W",0,"9"
"250170390","G£UBCZYCE","2001","03","16",9.0,"",-.2,"",4.0,"",-3.5,"",.0,"9","",0,"9"
"250170390","G£UBCZYCE","2001","03","17",6.7,"",1.7,"",3.9,"",-.3,"",9.6,"","S",0,"9"
"250170390","G£UBCZYCE","2001","03","18",3.9,"",.0,"",1.7,"",-.6,"",.0,"","S",0,""
"250170390","G£UBCZYCE","2001","03","19",13.0,"",1.2,"",5.5,"",-1.0,"",.0,"9","",0,"9"
"250170390","G£UBCZYCE","2001","03","20",4.4,"",-2.2,"",.0,"",-4.2,"",.0,"9","",0,"9"
"250170390","G£UBCZYCE","2001","03","21",.5,"",-4.3,"",-1.9,"",-7.7,"",1.4,"","S",0,"9"
"250170390","G£UBCZYCE","2001","03","22",3.8,"",-2.0,"",.7,"",-2.9,"",.3,"","W",2,""
"250170390","G£UBCZYCE","2001","03","23",4.7,"",2.2,"",3.3,"",1.7,"",3.1,"","W",0,"9"
"250170390","G£UBCZYCE","2001","03","24",12.3,"",.8,"",6.2,"",.2,"",6.5,"","W",0,"9"
"250170390","G£UBCZYCE","2001","03","25",9.7,"",1.5,"",4.2,"",1.4,"",4.6,"","W",0,"9"
"250170390","G£UBCZYCE","2001","03","26",2.0,"",-3.0,"",-1.0,"",-3.1,"",2.4,"","S",0,"9"
"250170390","G£UBCZYCE","2001","03","27",-.8,"",-4.1,"",-2.6,"",-4.2,"",.1,"","S",0,""
"250170390","G£UBCZYCE","2001","03","28",-.2,"",-2.9,"",-1.6,"",-4.5,"",.0,"9","",0,""
"250170390","G£UBCZYCE","2001","03","29",5.4,"",-3.6,"",.8,"",-5.0,"",.0,"9","",0,"9"
"250170390","G£UBCZYCE","2001","03","30",11.8,"",1.9,"",6.4,"",1.2,"",.0,"9","",0,"9"
"250170390","G£UBCZYCE","2001","03","31",8.7,"",2.9,"",5.5,"",-.8,"",2.0,"","W",0,"9"
"250180030","STARE OLESNO","2001","03","01",2.5,"",-2.6,"",-.4,"",-7.2,"",.0,"9","",3,""
"250180030","STARE OLESNO","2001","03","02",4.8,"",-2.6,"",.3,"",-5.2,"",1.4,"","S",2,""
"250180030","STARE OLESNO","2001","03","03",1.7,"",-1.5,"",-.2,"",-2.1,"",1.1,"","S",2,""
"250180030","STARE OLESNO","2001","03","04",2.3,"",-1.0,"",1.1,"",-1.7,"",1.9,"","S",2,""
"250180030","STARE OLESNO","2001","03","05",2.3,"",-.6,"",.4,"",-.7,"",1.6,"","S",0,""
"250180030","STARE OLESNO","2001","03","06",3.8,"",-4.8,"",-1.6,"",-5.7,"",.0,"9","",0,""
"250180030","STARE OLESNO","2001","03","07",8.7,"",-2.1,"",1.9,"",-5.1,"",.0,"9","",0,"9"
"250180030","STARE OLESNO","2001","03","08",8.6,"",2.9,"",5.3,"",-.4,"",.0,"9","",0,"9"
"250180030","STARE OLESNO","2001","03","09",11.4,"",2.4,"",6.1,"",-1.1,"",.0,"9","",0,"9"
"250180030","STARE OLESNO","2001","03","10",12.3,"",2.4,"",6.6,"",-2.3,"",.0,"9","",0,"9"
"250180030","STARE OLESNO","2001","03","11",13.1,"",7.3,"",9.3,"",6.3,"",.2,"","W",0,"9"
"250180030","STARE OLESNO","2001","03","12",15.3,"",4.6,"",9.9,"",.1,"",.0,"9","",0,"9"
"250180030","STARE OLESNO","2001","03","13",12.3,"",6.7,"",8.9,"",4.5,"",4.0,"","W",0,"9"
"250180030","STARE OLESNO","2001","03","14",8.2,"",2.4,"",4.3,"",.5,"",.4,"","W",0,"9"
"250180030","STARE OLESNO","2001","03","15",8.6,"",1.7,"",4.1,"",1.0,"",3.6,"","W",0,"9"
"250180030","STARE OLESNO","2001","03","16",9.3,"",1.4,"",4.9,"",.4,"",.0,"9","",0,"9"
"250180030","STARE OLESNO","2001","03","17",7.2,"",1.9,"",3.8,"",2.0,"",10.4,"","S",0,"9"
"250180030","STARE OLESNO","2001","03","18",2.3,"",.0,"",1.2,"",-.6,"",5.5,"","S",2,""
"250180030","STARE OLESNO","2001","03","19",12.7,"",1.0,"",4.6,"",-.3,"",4.7,"","S",0,"9"
"250180030","STARE OLESNO","2001","03","20",1.3,"",-2.3,"",-1.3,"",-4.6,"",.2,"","S",2,""
"250180030","STARE OLESNO","2001","03","21",.4,"",-4.9,"",-2.8,"",-6.6,"",.0,"9","",2,""
"250180030","STARE OLESNO","2001","03","22",6.4,"",-3.9,"",.6,"",-6.4,"",.3,"","W",0,"9"
"250180030","STARE OLESNO","2001","03","23",3.7,"",.2,"",1.5,"",.1,"",1.2,"","S",0,"9"
"250180030","STARE OLESNO","2001","03","24",9.1,"",.2,"",3.5,"",.1,"",5.0,"","W",0,"9"
"250180030","STARE OLESNO","2001","03","25",4.3,"",.0,"",1.3,"",-.1,"",7.4,"","S",0,"9"
"250180030","STARE OLESNO","2001","03","26",.5,"",-3.5,"",-2.1,"",-3.6,"",2.5,"","S",3,""
"250180030","STARE OLESNO","2001","03","27",-.9,"",-5.8,"",-3.7,"",-6.6,"",.0,"9","",4,""
"250180030","STARE OLESNO","2001","03","28",2.3,"",-4.5,"",-2.0,"",-6.1,"",.0,"9","",3,""
"250180030","STARE OLESNO","2001","03","29",6.2,"",-2.6,"",1.4,"",-3.6,"",.0,"9","",0,"9"
"250180030","STARE OLESNO","2001","03","30",11.1,"",3.5,"",6.7,"",2.5,"",.0,"9","",0,"9"
"250180030","STARE OLESNO","2001","03","31",9.3,"",4.1,"",5.7,"",1.5,"",.8,"","W",0,"9"
"250180120","KOCHCICE","2001","03","01",2.6,"",-2.4,"",-.1,"",-6.5,"",.0,"9","",3,""
"250180120","KOCHCICE","2001","03","02",4.1,"",-2.9,"",-.4,"",-6.6,"",1.2,"","S",2,""
"250180120","KOCHCICE","2001","03","03",1.7,"",-1.9,"",.1,"",-5.2,"",.8,"","S",3,""
"250180120","KOCHCICE","2001","03","04",3.1,"",-.4,"",1.4,"",-.4,"",2.5,"","S",3,""
"250180120","KOCHCICE","2001","03","05",2.9,"",-.5,"",.6,"",-.4,"",2.3,"","S",1,""
"250180120","KOCHCICE","2001","03","06",4.3,"",-5.1,"",-1.2,"",-7.1,"",.0,"9","",1,""
"250180120","KOCHCICE","2001","03","07",9.5,"",-2.8,"",2.2,"",-6.1,"",.0,"9","",0,"9"
"250180120","KOCHCICE","2001","03","08",10.2,"",1.4,"",5.3,"",-1.1,"",.0,"9","",0,"9"
"250180120","KOCHCICE","2001","03","09",12.2,"",3.1,"",6.8,"",.5,"",.3,"","W",0,"9"
"250180120","KOCHCICE","2001","03","10",14.1,"",2.6,"",7.4,"",.5,"",.1,"","W",0,"9"
"250180120","KOCHCICE","2001","03","11",12.2,"",6.8,"",8.9,"",4.8,"",1.0,"","W",0,"9"
"250180120","KOCHCICE","2001","03","12",16.0,"",5.3,"",10.0,"",3.3,"",.0,"9","",0,"9"
"250180120","KOCHCICE","2001","03","13",12.7,"",6.3,"",8.5,"",3.8,"",3.1,"","W",0,"9"
"250180120","KOCHCICE","2001","03","14",8.6,"",2.1,"",4.6,"",.1,"",.9,"","W",0,"9"
"250180120","KOCHCICE","2001","03","15",8.4,"",.0,"",2.9,"",-2.8,"",4.9,"","W",0,"9"
"250180120","KOCHCICE","2001","03","16",9.3,"",1.6,"",5.0,"",.1,"",.0,"","W",0,"9"
"250180120","KOCHCICE","2001","03","17",7.7,"",2.2,"",3.8,"",1.6,"",12.4,"","S",0,"9"
"250180120","KOCHCICE","2001","03","18",3.1,"",-.1,"",1.4,"",-.4,"",1.5,"","S",1,""
"250180120","KOCHCICE","2001","03","19",13.3,"",1.0,"",5.3,"",-.4,"",7.5,"","S",0,"9"
"250180120","KOCHCICE","2001","03","20",4.3,"",-2.0,"",-.4,"",-3.4,"",.3,"","S",2,""
"250180120","KOCHCICE","2001","03","21",.2,"",-4.8,"",-2.7,"",-8.0,"",.0,"9","",0,"9"
"250180120","KOCHCICE","2001","03","22",7.2,"",-3.9,"",1.2,"",-5.7,"",.9,"","W",0,"9"
"250180120","KOCHCICE","2001","03","23",4.7,"",1.2,"",2.4,"",-.4,"",1.5,"","S",0,"9"
"250180120","KOCHCICE","2001","03","24",9.3,"",.6,"",3.8,"",-.4,"",1.1,"","W",0,"9"
"250180120","KOCHCICE","2001","03","25",4.3,"",.6,"",1.7,"",.1,"",8.7,"","S",0,"9"
"250180120","KOCHCICE","2001","03","26",.6,"",-2.8,"",-1.7,"",-3.3,"",.9,"","S",2,""
"250180120","KOCHCICE","2001","03","27",-.6,"",-5.3,"",-3.0,"",-5.7,"",.0,"9","",2,""
"250180120","KOCHCICE","2001","03","28",2.1,"",-3.8,"",-1.6,"",-5.7,"",.0,"9","",0,"9"
"250180120","KOCHCICE","2001","03","29",6.2,"",-3.2,"",1.4,"",-4.6,"",.0,"9","",0,"9"
"250180120","KOCHCICE","2001","03","30",12.3,"",2.5,"",6.9,"",.2,"",.0,"9","",0,"9"
"250180120","KOCHCICE","2001","03","31",9.3,"",3.6,"",5.9,"",1.2,"",.0,"9","",0,"9"
"250180270","ŒWIERKLANIEC","2001","03","01",3.5,"",-.5,"",1.4,"",-1.0,"",.0,"9","",3,""
"250180270","ŒWIERKLANIEC","2001","03","02",5.5,"",-2.6,"",.9,"",-3.8,"",2.6,"","S",3,""
"250180270","ŒWIERKLANIEC","2001","03","03",2.5,"",-.3,"",1.2,"",-.8,"",1.6,"","S",5,""
"250180270","ŒWIERKLANIEC","2001","03","04",5.0,"",1.0,"",3.1,"",.1,"",3.3,"","S",3,""
"250180270","ŒWIERKLANIEC","2001","03","05",5.0,"",.8,"",2.7,"",-.2,"",3.4,"","S",2,""
"250180270","ŒWIERKLANIEC","2001","03","06",7.2,"",-3.9,"",.4,"",-6.1,"",.0,"9","",1,""
"250180270","ŒWIERKLANIEC","2001","03","07",9.9,"",-5.9,"",.9,"",-9.1,"",.0,"9","",0,"9"
"250180270","ŒWIERKLANIEC","2001","03","08",10.9,"",2.1,"",5.4,"",-1.5,"",.0,"9","",0,"9"
"250180270","ŒWIERKLANIEC","2001","03","09",11.1,"",-.8,"",5.1,"",-2.5,"",.0,"9","",0,"9"
"250180270","ŒWIERKLANIEC","2001","03","10",15.4,"",2.7,"",7.9,"",1.2,"",.0,"9","",0,"9"
"250180270","ŒWIERKLANIEC","2001","03","11",9.9,"",3.1,"",6.3,"",1.5,"",.0,"","W",0,"9"
"250180270","ŒWIERKLANIEC","2001","03","12",12.8,"",4.1,"",7.9,"",3.2,"",.0,"9","",0,"9"
"250180270","ŒWIERKLANIEC","2001","03","13",9.9,"",5.5,"",7.4,"",4.3,"",6.8,"","W",0,"9"
"250180270","ŒWIERKLANIEC","2001","03","14",9.9,"",3.4,"",5.5,"",1.7,"",.3,"","W",0,"9"
"250180270","ŒWIERKLANIEC","2001","03","15",8.7,"",-.3,"",3.5,"",-1.7,"",3.8,"","W",0,"9"
"250180270","ŒWIERKLANIEC","2001","03","16",7.7,"",2.3,"",4.6,"",.3,"",.0,"9","",0,"9"
"250180270","ŒWIERKLANIEC","2001","03","17",6.7,"",3.2,"",4.5,"",1.3,"",16.6,"","S",0,"9"
"250180270","ŒWIERKLANIEC","2001","03","18",3.9,"",.5,"",2.0,"",-.5,"",5.2,"","S",0,""
"250180270","ŒWIERKLANIEC","2001","03","19",11.6,"",-.3,"",4.4,"",-1.6,"",8.3,"","S",0,"9"
"250180270","ŒWIERKLANIEC","2001","03","20",4.6,"",-2.5,"",-.4,"",-3.6,"",1.6,"","S",4,""
"250180270","ŒWIERKLANIEC","2001","03","21",4.0,"",-6.5,"",-2.5,"",-8.9,"",.0,"9","",2,""
"250180270","ŒWIERKLANIEC","2001","03","22",5.8,"",-4.6,"",.7,"",-7.2,"",.4,"","W",0,"9"
"250180270","ŒWIERKLANIEC","2001","03","23",3.7,"",1.6,"",2.7,"",-1.5,"",.0,"9","",0,"9"
"250180270","ŒWIERKLANIEC","2001","03","24",5.5,"",-.3,"",3.0,"",-1.1,"",3.9,"","W",0,"9"
"250180270","ŒWIERKLANIEC","2001","03","25",5.3,"",1.3,"",2.7,"",.5,"",5.9,"","S",0,"9"
"250180270","ŒWIERKLANIEC","2001","03","26",1.5,"",-3.7,"",-1.3,"",-5.7,"",5.4,"","S",5,""
"250180270","ŒWIERKLANIEC","2001","03","27",-.8,"",-5.2,"",-2.7,"",-8.3,"",.0,"9","",6,""
"250180270","ŒWIERKLANIEC","2001","03","28",2.0,"",-4.7,"",-2.1,"",-8.2,"",.0,"9","",3,""
"250180270","ŒWIERKLANIEC","2001","03","29",6.3,"",-6.2,"",-.3,"",-9.3,"",.0,"9","",0,"9"
"250180270","ŒWIERKLANIEC","2001","03","30",11.7,"",1.3,"",5.9,"",-2.1,"",.0,"9","",0,"9"
"250180270","ŒWIERKLANIEC","2001","03","31",9.7,"",3.1,"",6.4,"",1.5,"",.0,"9","",0,"9"
"250180380","SUKOWICE","2001","03","01",2.7,"",-2.5,"",.6,"",-6.4,"",.0,"9","",0,"9"
"250180380","SUKOWICE","2001","03","02",6.0,"",-1.6,"",1.7,"",-3.4,"",.5,"","S",0,"9"
"250180380","SUKOWICE","2001","03","03",2.0,"",-3.0,"",-.1,"",-6.5,"",.0,"","W",0,"9"
"250180380","SUKOWICE","2001","03","04",5.0,"",-1.6,"",2.1,"",-1.7,"",1.8,"","W",0,"9"
"250180380","SUKOWICE","2001","03","05",5.5,"",.0,"",2.0,"",-1.1,"",2.3,"","S",0,"9"
"250180380","SUKOWICE","2001","03","06",6.2,"",-3.6,"",.0,"",-5.3,"",.0,"9","",0,"9"
"250180380","SUKOWICE","2001","03","07",10.0,"",-4.0,"",2.6,"",-6.2,"",.0,"9","",0,"9"
"250180380","SUKOWICE","2001","03","08",11.5,"",1.5,"",6.5,"",.8,"",.0,"9","",0,"9"
"250180380","SUKOWICE","2001","03","09",12.7,"",-1.6,"",5.0,"",-2.0,"",.0,"9","",0,"9"
"250180380","SUKOWICE","2001","03","10",14.6,"",2.2,"",7.7,"",.5,"",.0,"9","",0,"9"
"250180380","SUKOWICE","2001","03","11",13.7,"",6.1,"",9.5,"",.0,"",.0,"9","",0,"9"
"250180380","SUKOWICE","2001","03","12",15.9,"",4.9,"",10.6,"",2.4,"",.4,"","W",0,"9"
"250180380","SUKOWICE","2001","03","13",13.0,"",6.4,"",9.4,"",5.5,"",7.2,"","W",0,"9"
"250180380","SUKOWICE","2001","03","14",11.2,"",2.0,"",6.1,"",.5,"",.0,"9","",0,"9"
"250180380","SUKOWICE","2001","03","15",9.6,"",-.2,"",4.6,"",-3.5,"",5.5,"","W",0,"9"
"250180380","SUKOWICE","2001","03","16",9.8,"",1.5,"",5.5,"",-1.2,"",.2,"","W",0,"9"
"250180380","SUKOWICE","2001","03","17",8.0,"",3.5,"",5.4,"",3.8,"",11.2,"","S",0,"9"
"250180380","SUKOWICE","2001","03","18",4.5,"",-.2,"",2.1,"",-.3,"",4.4,"","S",0,"9"
"250180380","SUKOWICE","2001","03","19",13.5,"",-1.0,"",5.1,"",-2.5,"",1.0,"","S",0,"9"
"250180380","SUKOWICE","2001","03","20",5.5,"",-1.6,"",.8,"",-4.5,"",.0,"9","",0,"9"
"250180380","SUKOWICE","2001","03","21",1.8,"",-6.5,"",-1.8,"",-8.3,"",.4,"","S",0,"9"
"250180380","SUKOWICE","2001","03","22",5.0,"",-2.5,"",1.4,"",-3.5,"",1.2,"","W",0,""
"250180380","SUKOWICE","2001","03","23",5.0,"",2.5,"",3.8,"",1.7,"",3.0,"","W",0,"9"
"250180380","SUKOWICE","2001","03","24",12.9,"",1.2,"",6.5,"",1.4,"",6.3,"","W",0,"9"
"250180380","SUKOWICE","2001","03","25",9.5,"",1.8,"",4.5,"",1.9,"",7.0,"","W",0,"9"
"250180380","SUKOWICE","2001","03","26",2.5,"",-2.4,"",-.3,"",-2.2,"",2.1,"","S",0,"9"
"250180380","SUKOWICE","2001","03","27",.5,"",-3.7,"",-1.6,"",-4.1,"",.0,"9","",0,""
"250180380","SUKOWICE","2001","03","28",1.0,"",-3.0,"",-.9,"",-4.0,"",.0,"9","",0,"9"
"250180380","SUKOWICE","2001","03","29",7.0,"",-4.0,"",1.6,"",-5.6,"",.0,"9","",0,"9"
"250180380","SUKOWICE","2001","03","30",12.9,"",3.0,"",7.1,"",2.7,"",.0,"9","",0,"9"
"250180380","SUKOWICE","2001","03","31",9.1,"",3.5,"",6.5,"",1.2,"",.0,"9","",0,"9"
"250190030","SILNICZKA","2001","03","01",3.3,"",-6.8,"",-1.1,"",.0,"8",.0,"9","",4,""
"250190030","SILNICZKA","2001","03","02",4.7,"",-6.4,"",-1.7,"",.0,"8",.0,"9","",3,""
"250190030","SILNICZKA","2001","03","03",1.5,"",-5.7,"",-1.1,"",.0,"8",1.6,"","S",2,""
"250190030","SILNICZKA","2001","03","04",3.4,"",-.6,"",2.0,"",.0,"8",2.6,"","S",2,""
"250190030","SILNICZKA","2001","03","05",4.3,"",-.9,"",.9,"",.0,"8",2.5,"","S",0,"9"
"250190030","SILNICZKA","2001","03","06",1.9,"",-7.2,"",-3.1,"",.0,"8",.0,"9","",1,""
"250190030","SILNICZKA","2001","03","07",9.6,"",-7.2,"",-.3,"",.0,"8",.0,"9","",0,"9"
"250190030","SILNICZKA","2001","03","08",9.2,"",-2.7,"",2.5,"",.0,"8",.0,"9","",0,"9"
"250190030","SILNICZKA","2001","03","09",13.2,"",-1.2,"",5.3,"",.0,"8",.0,"9","",0,"9"
"250190030","SILNICZKA","2001","03","10",13.5,"",2.4,"",7.2,"",.0,"8",.0,"9","",0,"9"
"250190030","SILNICZKA","2001","03","11",13.0,"",1.1,"",7.1,"",.0,"8",.0,"9","",0,"9"
"250190030","SILNICZKA","2001","03","12",16.5,"",3.4,"",9.2,"",.0,"8",.0,"9","",0,"9"
"250190030","SILNICZKA","2001","03","13",12.3,"",4.8,"",7.9,"",.0,"8",2.6,"","W",0,"9"
"250190030","SILNICZKA","2001","03","14",9.4,"",-1.5,"",3.6,"",.0,"8",.1,"","W",0,"9"
"250190030","SILNICZKA","2001","03","15",8.4,"",-.7,"",3.4,"",.0,"8",4.2,"","W",0,"9"
"250190030","SILNICZKA","2001","03","16",9.5,"",.8,"",4.9,"",.0,"8",.1,"","W",0,"9"
"250190030","SILNICZKA","2001","03","17",7.9,"",2.1,"",4.0,"",.0,"8",13.4,"","S",0,"9"
"250190030","SILNICZKA","2001","03","18",2.9,"",-.4,"",1.3,"",.0,"8",.7,"","S",1,""
"250190030","SILNICZKA","2001","03","19",13.0,"",.7,"",5.0,"",.0,"8",5.2,"","S",0,"9"
"250190030","SILNICZKA","2001","03","20",4.4,"",-2.5,"",-.3,"",.0,"8",.2,"","S",1,""
"250190030","SILNICZKA","2001","03","21",-.6,"",-7.2,"",-3.5,"",.0,"8",.0,"9","",0,"9"
"250190030","SILNICZKA","2001","03","22",5.7,"",-7.9,"",-.8,"",.0,"8",1.2,"","S",0,"9"
"250190030","SILNICZKA","2001","03","23",2.9,"",-.7,"",.7,"",.0,"8",1.4,"","S",1,""
"250190030","SILNICZKA","2001","03","24",3.6,"",-.7,"",1.8,"",.0,"8",4.8,"","S",0,""
"250190030","SILNICZKA","2001","03","25",3.6,"",-.5,"",1.0,"",.0,"8",9.0,"","S",0,"9"
"250190030","SILNICZKA","2001","03","26",.6,"",-3.7,"",-2.0,"",.0,"8",2.5,"","S",1,""
"250190030","SILNICZKA","2001","03","27",.1,"",-5.5,"",-2.9,"",.0,"8",.0,"9","",3,""
"250190030","SILNICZKA","2001","03","28",3.6,"",-5.0,"",-1.3,"",.0,"8",.0,"9","",0,"9"
"250190030","SILNICZKA","2001","03","29",6.2,"",-4.2,"",.4,"",.0,"8",.0,"9","",0,"9"
"250190030","SILNICZKA","2001","03","30",14.3,"",.3,"",6.3,"",.0,"8",.0,"9","",0,"9"
"250190030","SILNICZKA","2001","03","31",9.7,"",-1.3,"",4.6,"",.0,"8",.1,"","W",0,"9"
"250190160","LGOTA GÓRNA","2001","03","01",2.5,"",-3.9,"",-.6,"",.0,"8",.0,"9","",7,""
"250190160","LGOTA GÓRNA","2001","03","02",3.2,"",-3.1,"",-.1,"",.0,"8",.5,"","S",5,""
"250190160","LGOTA GÓRNA","2001","03","03",2.0,"",-3.9,"",-.9,"",.0,"8",1.0,"","W",4,""
"250190160","LGOTA GÓRNA","2001","03","04",2.1,"",-.4,"",.6,"",.0,"8",2.7,"","S",3,""
"250190160","LGOTA GÓRNA","2001","03","05",1.1,"",-.5,"",.2,"",.0,"8",3.4,"","S",1,""
"250190160","LGOTA GÓRNA","2001","03","06",2.1,"",-4.4,"",-1.3,"",.0,"8",.0,"9","",2,""
"250190160","LGOTA GÓRNA","2001","03","07",6.5,"",-2.0,"",1.7,"",.0,"8",.0,"9","",1,""
"250190160","LGOTA GÓRNA","2001","03","08",9.0,"",-1.0,"",3.6,"",.0,"8",.0,"9","",0,"9"
"250190160","LGOTA GÓRNA","2001","03","09",11.9,"",.2,"",5.9,"",.0,"8",.0,"9","",0,"9"
"250190160","LGOTA GÓRNA","2001","03","10",13.0,"",3.3,"",8.1,"",.0,"8",.0,"9","",0,"9"
"250190160","LGOTA GÓRNA","2001","03","11",12.0,"",4.8,"",8.4,"",.0,"8",.0,"9","",0,"9"
"250190160","LGOTA GÓRNA","2001","03","12",14.8,"",5.9,"",10.0,"",.0,"8",.0,"9","",0,"9"
"250190160","LGOTA GÓRNA","2001","03","13",11.5,"",6.2,"",8.0,"",.0,"8",4.2,"","W",0,"9"
"250190160","LGOTA GÓRNA","2001","03","14",7.8,"",3.2,"",5.2,"",.0,"8",.8,"","W",0,"9"
"250190160","LGOTA GÓRNA","2001","03","15",8.2,"",.2,"",3.7,"",.0,"8",6.6,"","W",0,"9"
"250190160","LGOTA GÓRNA","2001","03","16",7.4,"",.8,"",3.6,"",.0,"8",.0,"9","",0,"9"
"250190160","LGOTA GÓRNA","2001","03","17",5.4,"",1.9,"",3.2,"",.0,"8",7.5,"","S",0,"9"
"250190160","LGOTA GÓRNA","2001","03","18",3.1,"",.0,"",1.3,"",.0,"8",2.7,"","S",0,"9"
"250190160","LGOTA GÓRNA","2001","03","19",10.0,"",.0,"",4.9,"",.0,"8",3.0,"","S",0,"9"
"250190160","LGOTA GÓRNA","2001","03","20",7.9,"",-1.9,"",1.2,"",.0,"8",1.3,"","S",0,""
"250190160","LGOTA GÓRNA","2001","03","21",.8,"",-5.0,"",-1.7,"",.0,"8",.0,"9","",0,""
"250190160","LGOTA GÓRNA","2001","03","22",4.2,"",-4.9,"",-.4,"",.0,"8",1.1,"","W",0,""
"250190160","LGOTA GÓRNA","2001","03","23",2.3,"",.8,"",1.4,"",.0,"8",2.0,"","S",0,"9"
"250190160","LGOTA GÓRNA","2001","03","24",4.2,"",.0,"",2.2,"",.0,"8",4.6,"","W",1,""
"250190160","LGOTA GÓRNA","2001","03","25",3.0,"",.8,"",1.5,"",.0,"8",10.5,"","S",0,"9"
"250190160","LGOTA GÓRNA","2001","03","26",.8,"",-2.3,"",-1.4,"",.0,"8",.8,"","S",2,""
"250190160","LGOTA GÓRNA","2001","03","27",-1.0,"",-5.6,"",-3.1,"",.0,"8",.0,"9","",2,""
"250190160","LGOTA GÓRNA","2001","03","28",1.5,"",-4.2,"",-1.6,"",.0,"8",.0,"9","",1,""
"250190160","LGOTA GÓRNA","2001","03","29",5.0,"",-3.8,"",.4,"",.0,"8",.0,"9","",0,"9"
"250190160","LGOTA GÓRNA","2001","03","30",12.5,"",1.9,"",6.6,"",.0,"8",.0,"9","",0,"9"
"250190160","LGOTA GÓRNA","2001","03","31",10.0,"",2.9,"",6.0,"",.0,"8",.7,"","W",0,"9"
"250190250","Z¥BKOWICE","2001","03","01",4.5,"",-3.5,"",.5,"",-7.6,"",.4,"","S",8,""
"250190250","Z¥BKOWICE","2001","03","02",4.5,"",-3.2,"",.4,"",-6.6,"",.5,"","S",6,""
"250190250","Z¥BKOWICE","2001","03","03",2.5,"",-2.3,"",.4,"",-5.1,"",1.4,"","S",5,""
"250190250","Z¥BKOWICE","2001","03","04",4.4,"",-.5,"",2.3,"",-.7,"",2.9,"","S",0,"9"
"250190250","Z¥BKOWICE","2001","03","05",5.1,"",-1.2,"",1.4,"",-.7,"",3.6,"","S",0,"9"
"250190250","Z¥BKOWICE","2001","03","06",3.9,"",-6.0,"",-1.7,"",-8.3,"",.0,"9","",0,""
"250190250","Z¥BKOWICE","2001","03","07",11.2,"",-6.7,"",1.2,"",-8.1,"",.0,"9","",0,""
"250190250","Z¥BKOWICE","2001","03","08",11.3,"",.5,"",5.7,"",-3.2,"",.0,"9","",0,""
"250190250","Z¥BKOWICE","2001","03","09",14.3,"",2.1,"",7.5,"",-1.2,"",.1,"","W",0,""
"250190250","Z¥BKOWICE","2001","03","10",13.4,"",6.2,"",8.9,"",4.8,"",1.1,"","W",0,"9"
"250190250","Z¥BKOWICE","2001","03","11",12.0,"",4.2,"",8.2,"",.3,"",.0,"","W",0,"9"
"250190250","Z¥BKOWICE","2001","03","12",15.8,"",5.9,"",10.4,"",2.8,"",.0,"9","",0,"9"
"250190250","Z¥BKOWICE","2001","03","13",12.8,"",5.7,"",8.7,"",3.3,"",4.3,"","W",0,"9"
"250190250","Z¥BKOWICE","2001","03","14",9.9,"",.9,"",5.0,"",-2.7,"",.0,"","W",0,"9"
"250190250","Z¥BKOWICE","2001","03","15",9.9,"",-1.6,"",3.1,"",-5.1,"",6.9,"","S",0,"9"
"250190250","Z¥BKOWICE","2001","03","16",9.3,"",-.2,"",4.8,"",-2.2,"",.0,"","W",0,"9"
"250190250","Z¥BKOWICE","2001","03","17",8.4,"",3.9,"",5.8,"",-1.2,"",12.2,"","S",0,"9"
"250190250","Z¥BKOWICE","2001","03","18",6.1,"",-.2,"",2.4,"",-.7,"",1.8,"","S",0,"9"
"250190250","Z¥BKOWICE","2001","03","19",13.1,"",-.5,"",5.2,"",-2.7,"",6.0,"","S",0,"9"
"250190250","Z¥BKOWICE","2001","03","20",6.1,"",-2.7,"",.0,"",-2.7,"",.5,"","S",4,""
"250190250","Z¥BKOWICE","2001","03","21",1.6,"",-9.0,"",-3.4,"",-10.1,"",.0,"9","",0,"9"
"250190250","Z¥BKOWICE","2001","03","22",6.0,"",-5.1,"",.3,"",-6.6,"",.7,"","W",0,"9"
"250190250","Z¥BKOWICE","2001","03","23",4.1,"",1.0,"",2.5,"",1.3,"",2.2,"","S",0,"9"
"250190250","Z¥BKOWICE","2001","03","24",7.6,"",-.6,"",3.7,"",-.7,"",.8,"","W",0,""
"250190250","Z¥BKOWICE","2001","03","25",7.3,"",-.5,"",2.9,"",1.3,"",7.7,"","S",0,"9"
"250190250","Z¥BKOWICE","2001","03","26",1.3,"",-3.2,"",-1.2,"",-1.7,"",3.7,"","S",2,""
"250190250","Z¥BKOWICE","2001","03","27",-1.0,"",-4.5,"",-2.7,"",-5.1,"",.0,"","S",3,""
"250190250","Z¥BKOWICE","2001","03","28",.8,"",-4.0,"",-1.9,"",-5.6,"",.0,"","W",2,""
"250190250","Z¥BKOWICE","2001","03","29",6.0,"",-4.0,"",.9,"",-5.6,"",.0,"9","",0,"9"
"250190250","Z¥BKOWICE","2001","03","30",15.3,"",.3,"",6.7,"",-3.2,"",.0,"9","",0,"9"
"250190250","Z¥BKOWICE","2001","03","31",11.0,"",1.0,"",5.8,"",-.7,"",.3,"","W",0,"9"
"250190290","OLEWIN","2001","03","01",4.4,"",-5.1,"",-.5,"",.0,"8",.0,"9","",12,""
"250190290","OLEWIN","2001","03","02",3.8,"",-4.6,"",-.9,"",.0,"8",1.2,"","S",10,""
"250190290","OLEWIN","2001","03","03",1.9,"",-4.1,"",-.7,"",.0,"8",1.1,"","S",11,""
"250190290","OLEWIN","2001","03","04",4.5,"",-1.5,"",1.9,"",.0,"8",1.1,"","S",9,""
"250190290","OLEWIN","2001","03","05",4.9,"",-2.3,"",1.2,"",.0,"8",4.3,"","S",4,""
"250190290","OLEWIN","2001","03","06",1.3,"",-5.9,"",-2.4,"",.0,"8",.0,"9","",4,""
"250190290","OLEWIN","2001","03","07",10.0,"",-6.7,"",.6,"",.0,"8",.0,"9","",3,""
"250190290","OLEWIN","2001","03","08",10.3,"",-2.2,"",3.6,"",.0,"8",.0,"9","",0,"9"
"250190290","OLEWIN","2001","03","09",13.8,"",1.1,"",6.8,"",.0,"8",2.6,"","W",0,"9"
"250190290","OLEWIN","2001","03","10",11.2,"",4.5,"",7.0,"",.0,"8",1.1,"","W",0,"9"
"250190290","OLEWIN","2001","03","11",11.8,"",2.1,"",7.2,"",.0,"8",.0,"9","",0,"9"
"250190290","OLEWIN","2001","03","12",14.5,"",3.1,"",8.1,"",.0,"8",.0,"9","",0,"9"
"250190290","OLEWIN","2001","03","13",10.3,"",4.5,"",6.9,"",.0,"8",6.4,"","W",0,"9"
"250190290","OLEWIN","2001","03","14",8.0,"",.4,"",3.3,"",.0,"8",2.6,"","W",0,"9"
"250190290","OLEWIN","2001","03","15",8.8,"",-1.2,"",2.5,"",.0,"8",5.4,"","W",0,"9"
"250190290","OLEWIN","2001","03","16",9.2,"",-1.0,"",4.2,"",.0,"8",.0,"","W",0,"9"
"250190290","OLEWIN","2001","03","17",7.8,"",2.8,"",4.7,"",.0,"8",9.7,"","S",0,"9"
"250190290","OLEWIN","2001","03","18",2.9,"",-1.0,"",1.0,"",.0,"8",1.6,"","S",0,"9"
"250190290","OLEWIN","2001","03","19",11.2,"",-1.4,"",4.1,"",.0,"8",6.1,"","S",0,"9"
"250190290","OLEWIN","2001","03","20",5.4,"",-4.6,"",-1.2,"",.0,"8",.3,"","S",1,""
"250190290","OLEWIN","2001","03","21",.2,"",-9.1,"",-4.7,"",.0,"8",.0,"9","",0,"9"
"250190290","OLEWIN","2001","03","22",3.9,"",-6.1,"",-1.0,"",.0,"8",1.7,"","W",0,"9"
"250190290","OLEWIN","2001","03","23",2.6,"",-1.0,"",1.0,"",.0,"8",3.4,"","S",0,"9"
"250190290","OLEWIN","2001","03","24",6.3,"",-1.7,"",2.5,"",.0,"8",4.9,"","W",4,""
"250190290","OLEWIN","2001","03","25",7.4,"",-1.0,"",2.4,"",.0,"8",5.6,"","S",0,"9"
"250190290","OLEWIN","2001","03","26",.2,"",-4.6,"",-2.4,"",.0,"8",1.8,"","S",1,""
"250190290","OLEWIN","2001","03","27",-2.5,"",-5.5,"",-3.8,"",.0,"8",.0,"9","",3,""
"250190290","OLEWIN","2001","03","28",-1.1,"",-4.9,"",-3.1,"",.0,"8",.0,"9","",2,""
"250190290","OLEWIN","2001","03","29",4.5,"",-5.6,"",-.5,"",.0,"8",.0,"9","",0,"9"
"250190290","OLEWIN","2001","03","30",13.6,"",-1.6,"",5.9,"",.0,"8",.0,"9","",0,"9"
"250190290","OLEWIN","2001","03","31",10.0,"",-1.5,"",4.3,"",.0,"8",.2,"","W",0,"9"
"250190380","BIERUÑ STARY","2001","03","01",4.8,"",-2.2,"",.9,"",.0,"8",.5,"","W",3,""
"250190380","BIERUÑ STARY","2001","03","02",6.1,"",-1.9,"",.7,"",.0,"8",.8,"","S",0,"9"
"250190380","BIERUÑ STARY","2001","03","03",3.3,"",-2.0,"",.6,"",.0,"8",1.0,"","S",5,""
"250190380","BIERUÑ STARY","2001","03","04",5.8,"",-.2,"",3.1,"",.0,"8",1.5,"","W",0,"9"
"250190380","BIERUÑ STARY","2001","03","05",6.4,"",-2.7,"",1.8,"",.0,"8",3.8,"","W",0,"9"
"250190380","BIERUÑ STARY","2001","03","06",5.1,"",-2.9,"",.2,"",.0,"8",.0,"9","",0,"9"
"250190380","BIERUÑ STARY","2001","03","07",11.3,"",-5.0,"",1.9,"",.0,"8",.0,"9","",0,"9"
"250190380","BIERUÑ STARY","2001","03","08",11.3,"",.1,"",5.1,"",.0,"8",.0,"9","",0,"9"
"250190380","BIERUÑ STARY","2001","03","09",15.5,"",.7,"",7.2,"",.0,"8",2.5,"","W",0,"9"
"250190380","BIERUÑ STARY","2001","03","10",13.7,"",6.2,"",8.8,"",.0,"8",.6,"","W",0,"9"
"250190380","BIERUÑ STARY","2001","03","11",12.6,"",2.8,"",8.0,"",.0,"8",.5,"","W",0,"9"
"250190380","BIERUÑ STARY","2001","03","12",16.0,"",5.0,"",9.9,"",.0,"8",.0,"9","",0,"9"
"250190380","BIERUÑ STARY","2001","03","13",12.0,"",6.1,"",9.0,"",.0,"8",4.0,"","W",0,"9"
"250190380","BIERUÑ STARY","2001","03","14",10.1,"",1.0,"",5.0,"",.0,"8",.3,"","W",0,"9"
"250190380","BIERUÑ STARY","2001","03","15",10.8,"",.9,"",4.9,"",.0,"8",5.1,"","W",0,"9"
"250190380","BIERUÑ STARY","2001","03","16",10.1,"",1.7,"",6.1,"",.0,"8",.0,"9","",0,"9"
"250190380","BIERUÑ STARY","2001","03","17",10.3,"",6.1,"",7.6,"",.0,"8",10.5,"","W",0,"9"
"250190380","BIERUÑ STARY","2001","03","18",8.0,"",1.5,"",3.8,"",.0,"8",2.0,"","W",0,"9"
"250190380","BIERUÑ STARY","2001","03","19",12.4,"",.7,"",5.3,"",.0,"8",2.0,"","S",0,"9"
"250190380","BIERUÑ STARY","2001","03","20",8.2,"",-1.6,"",1.5,"",.0,"8",3.2,"","S",0,""
"250190380","BIERUÑ STARY","2001","03","21",2.1,"",-5.3,"",-1.9,"",.0,"8",.0,"9","",0,"9"
"250190380","BIERUÑ STARY","2001","03","22",7.2,"",-2.9,"",1.8,"",.0,"8",.6,"","W",0,"9"
"250190380","BIERUÑ STARY","2001","03","23",6.2,"",3.1,"",4.2,"",.0,"8",2.2,"","W",0,"9"
"250190380","BIERUÑ STARY","2001","03","24",8.2,"",.4,"",4.3,"",.0,"8",3.0,"","W",0,"9"
"250190380","BIERUÑ STARY","2001","03","25",8.6,"",3.4,"",5.3,"",.0,"8",2.5,"","S",0,"9"
"250190380","BIERUÑ STARY","2001","03","26",4.6,"",-1.2,"",.6,"",.0,"8",7.0,"","S",2,""
"250190380","BIERUÑ STARY","2001","03","27",.3,"",-3.0,"",-1.6,"",.0,"8",5.5,"","S",0,"9"
"250190380","BIERUÑ STARY","2001","03","28",.2,"",-2.4,"",-1.3,"",.0,"8",.0,"9","",0,"9"
"250190380","BIERUÑ STARY","2001","03","29",6.7,"",-3.4,"",1.6,"",.0,"8",.0,"9","",0,"9"
"250190380","BIERUÑ STARY","2001","03","30",15.9,"",.1,"",7.4,"",.0,"8",.0,"9","",0,"9"
"250190380","BIERUÑ STARY","2001","03","31",14.3,"",2.2,"",7.0,"",.0,"8",2.5,"","W",0,"9"
"250190390","KRAKÓW-OBSERWATORIUM","2001","03","01",4.7,"",-1.8,"",1.3,"",-5.2,"",.7,"","W",0,"9"
"250190390","KRAKÓW-OBSERWATORIUM","2001","03","02",6.6,"",-2.7,"",.7,"",-5.1,"",.5,"","S",0,"9"
"250190390","KRAKÓW-OBSERWATORIUM","2001","03","03",6.0,"",-1.7,"",1.7,"",-5.2,"",.5,"","S",1,""
"250190390","KRAKÓW-OBSERWATORIUM","2001","03","04",5.4,"",1.7,"",3.4,"",.6,"",1.1,"","W",0,"9"
"250190390","KRAKÓW-OBSERWATORIUM","2001","03","05",6.0,"",1.1,"",3.1,"",.3,"",8.0,"","S",0,"9"
"250190390","KRAKÓW-OBSERWATORIUM","2001","03","06",5.4,"",-2.0,"",.9,"",-4.2,"",.0,"9","",0,""
"250190390","KRAKÓW-OBSERWATORIUM","2001","03","07",11.3,"",-4.2,"",2.3,"",-6.7,"",.0,"9","",0,"9"
"250190390","KRAKÓW-OBSERWATORIUM","2001","03","08",12.8,"",-.6,"",5.2,"",-4.0,"",.0,"9","",0,"9"
"250190390","KRAKÓW-OBSERWATORIUM","2001","03","09",17.1,"",.9,"",8.0,"",-2.1,"",2.5,"","W",0,"9"
"250190390","KRAKÓW-OBSERWATORIUM","2001","03","10",12.6,"",7.4,"",9.0,"",3.2,"",.9,"","W",0,"9"
"250190390","KRAKÓW-OBSERWATORIUM","2001","03","11",15.0,"",3.2,"",8.3,"",-.7,"",.0,"","W",0,"9"
"250190390","KRAKÓW-OBSERWATORIUM","2001","03","12",17.0,"",3.3,"",9.3,"",-.7,"",.0,"9","",0,"9"
"250190390","KRAKÓW-OBSERWATORIUM","2001","03","13",12.8,"",7.4,"",8.9,"",3.2,"",3.3,"","W",0,"9"
"250190390","KRAKÓW-OBSERWATORIUM","2001","03","14",10.4,"",2.5,"",5.4,"",-.8,"",.5,"","W",0,"9"
"250190390","KRAKÓW-OBSERWATORIUM","2001","03","15",11.1,"",.4,"",4.7,"",-3.2,"",6.0,"","W",0,"9"
"250190390","KRAKÓW-OBSERWATORIUM","2001","03","16",12.2,"",2.2,"",7.0,"",2.0,"",.0,"9","",0,"9"
"250190390","KRAKÓW-OBSERWATORIUM","2001","03","17",9.9,"",5.0,"",6.9,"",4.2,"",6.5,"","W",0,"9"
"250190390","KRAKÓW-OBSERWATORIUM","2001","03","18",5.0,"",2.2,"",3.2,"",2.0,"",1.5,"","S",0,"9"
"250190390","KRAKÓW-OBSERWATORIUM","2001","03","19",12.5,"",.9,"",5.8,"",-1.2,"",4.5,"","S",0,"9"
"250190390","KRAKÓW-OBSERWATORIUM","2001","03","20",7.8,"",-.6,"",1.8,"",-2.2,"",.4,"","S",0,""
"250190390","KRAKÓW-OBSERWATORIUM","2001","03","21",2.4,"",-4.0,"",-1.3,"",-6.2,"",.0,"9","",0,"9"
"250190390","KRAKÓW-OBSERWATORIUM","2001","03","22",6.7,"",-3.3,"",1.4,"",-4.8,"",.4,"","W",0,"9"
"250190390","KRAKÓW-OBSERWATORIUM","2001","03","23",5.5,"",2.2,"",3.4,"",1.9,"",3.6,"","S",0,"9"
"250190390","KRAKÓW-OBSERWATORIUM","2001","03","24",7.0,"",.6,"",3.6,"",.1,"",2.6,"","W",0,"9"
"250190390","KRAKÓW-OBSERWATORIUM","2001","03","25",5.9,"",2.1,"",3.6,"",1.8,"",4.1,"","S",0,"9"
"250190390","KRAKÓW-OBSERWATORIUM","2001","03","26",2.1,"",-1.0,"",.0,"",-1.2,"",3.5,"","S",0,""
"250190390","KRAKÓW-OBSERWATORIUM","2001","03","27",-.6,"",-1.9,"",-1.2,"",-2.2,"",.1,"","S",2,""
"250190390","KRAKÓW-OBSERWATORIUM","2001","03","28",.6,"",-2.3,"",-1.1,"",-2.3,"",.1,"","S",1,""
"250190390","KRAKÓW-OBSERWATORIUM","2001","03","29",7.0,"",-3.0,"",1.8,"",-4.7,"",.0,"9","",0,"9"
"250190390","KRAKÓW-OBSERWATORIUM","2001","03","30",16.0,"",-1.1,"",6.6,"",-4.0,"",.0,"9","",0,"9"
"250190390","KRAKÓW-OBSERWATORIUM","2001","03","31",11.5,"",1.0,"",6.0,"",-1.9,"",1.2,"","W",0,"9"
"250190530","KATOWICE PYRZOWICE","2001","03","01",4.0,"",-3.2,"",.5,"",-7.5,"",.0,"","S",5,""
"250190530","KATOWICE PYRZOWICE","2001","03","02",4.4,"",-1.7,"",.6,"",-4.9,"",.5,"","S",6,""
"250190530","KATOWICE PYRZOWICE","2001","03","03",1.8,"",-2.3,"",.0,"",-3.0,"",.6,"","S",7,""
"250190530","KATOWICE PYRZOWICE","2001","03","04",4.2,"",-.1,"",2.2,"",-.2,"",2.2,"","W",5,""
"250190530","KATOWICE PYRZOWICE","2001","03","05",4.9,"",-.4,"",1.2,"",-.1,"",.2,"","S",0,"9"
"250190530","KATOWICE PYRZOWICE","2001","03","06",3.7,"",-4.2,"",-1.8,"",-8.0,"",.0,"9","",1,""
"250190530","KATOWICE PYRZOWICE","2001","03","07",11.6,"",-8.2,"",.3,"",-9.6,"",.0,"9","",0,"9"
"250190530","KATOWICE PYRZOWICE","2001","03","08",10.3,"",-3.2,"",3.8,"",-5.5,"",.0,"9","",0,"9"
"250190530","KATOWICE PYRZOWICE","2001","03","09",9.5,"",1.6,"",5.3,"",-2.6,"",.0,"","W",0,"9"
"250190530","KATOWICE PYRZOWICE","2001","03","10",13.0,"",3.5,"",7.8,"",-1.1,"",.1,"","W",0,"9"
"250190530","KATOWICE PYRZOWICE","2001","03","11",12.0,"",6.8,"",9.2,"",6.5,"",.0,"","W",0,"9"
"250190530","KATOWICE PYRZOWICE","2001","03","12",14.3,"",4.6,"",8.8,"",.7,"",.0,"9","",0,"9"
"250190530","KATOWICE PYRZOWICE","2001","03","13",11.3,"",2.2,"",6.8,"",2.2,"",3.9,"","W",0,"9"
"250190530","KATOWICE PYRZOWICE","2001","03","14",9.5,"",2.8,"",5.4,"",.4,"",.1,"","W",0,"9"
"250190530","KATOWICE PYRZOWICE","2001","03","15",7.4,"",.9,"",3.2,"",-1.9,"",5.9,"","S",0,"9"
"250190530","KATOWICE PYRZOWICE","2001","03","16",8.2,"",1.1,"",4.8,"",.3,"",.0,"9","",0,"9"
"250190530","KATOWICE PYRZOWICE","2001","03","17",7.6,"",3.8,"",5.1,"",2.2,"",8.9,"","S",0,"9"
"250190530","KATOWICE PYRZOWICE","2001","03","18",5.2,"",.4,"",2.2,"",.0,"",3.2,"","S",0,"9"
"250190530","KATOWICE PYRZOWICE","2001","03","19",10.3,"",.1,"",4.4,"",-2.9,"",2.1,"","S",0,"9"
"250190530","KATOWICE PYRZOWICE","2001","03","20",5.5,"",-2.2,"",-.2,"",-3.2,"",1.5,"","S",2,""
"250190530","KATOWICE PYRZOWICE","2001","03","21",.7,"",-7.3,"",-3.4,"",-10.3,"",.0,"9","",2,""
"250190530","KATOWICE PYRZOWICE","2001","03","22",5.2,"",-8.7,"",-.9,"",-9.5,"",.5,"","W",0,"9"
"250190530","KATOWICE PYRZOWICE","2001","03","23",3.3,"",1.6,"",2.4,"",1.2,"",1.4,"","S",0,"9"
"250190530","KATOWICE PYRZOWICE","2001","03","24",7.4,"",.2,"",3.6,"",-.2,"",.4,"","S",0,"9"
"250190530","KATOWICE PYRZOWICE","2001","03","25",6.5,"",.7,"",2.8,"",.7,"",7.0,"","S",0,"9"
"250190530","KATOWICE PYRZOWICE","2001","03","26",.8,"",-3.0,"",-1.6,"",-4.4,"",2.8,"","S",3,""
"250190530","KATOWICE PYRZOWICE","2001","03","27",-1.5,"",-4.8,"",-3.4,"",-5.4,"",.1,"","S",4,""
"250190530","KATOWICE PYRZOWICE","2001","03","28",.4,"",-4.0,"",-2.1,"",-5.0,"",.0,"9","",4,""
"250190530","KATOWICE PYRZOWICE","2001","03","29",6.2,"",-4.5,"",1.0,"",-5.1,"",.0,"9","",0,"9"
"250190530","KATOWICE PYRZOWICE","2001","03","30",15.1,"",3.0,"",7.9,"",-3.5,"",.1,"","W",0,"9"
"250190530","KATOWICE PYRZOWICE","2001","03","31",9.7,"",1.8,"",5.7,"",-.3,"",.1,"","W",0,"9"
"250200040","BODZENTYN","2001","03","01",4.4,"",-4.0,"",-.1,"",.0,"8",.8,"","W",3,""
"250200040","BODZENTYN","2001","03","02",4.1,"",-3.5,"",-.2,"",.0,"8",.0,"9","",0,"9"
"250200040","BODZENTYN","2001","03","03",1.8,"",-3.6,"",-.2,"",.0,"8",.4,"","S",0,"9"
"250200040","BODZENTYN","2001","03","04",4.4,"",.0,"",2.2,"",.0,"8",6.1,"","W",0,"9"
"250200040","BODZENTYN","2001","03","05",3.9,"",-1.7,"",.8,"",.0,"8",1.1,"","S",0,"9"
"250200040","BODZENTYN","2001","03","06",4.1,"",-7.2,"",-2.5,"",.0,"8",.0,"9","",0,""
"250200040","BODZENTYN","2001","03","07",9.5,"",-4.0,"",1.2,"",.0,"8",.0,"9","",0,"9"
"250200040","BODZENTYN","2001","03","08",9.6,"",-2.4,"",3.5,"",.0,"8",.0,"9","",0,"9"
"250200040","BODZENTYN","2001","03","09",14.7,"",-1.2,"",6.0,"",.0,"8",.0,"9","",0,"9"
"250200040","BODZENTYN","2001","03","10",11.2,"",3.9,"",7.4,"",.0,"8",.1,"","W",0,"9"
"250200040","BODZENTYN","2001","03","11",13.8,"",3.1,"",7.7,"",.0,"8",.0,"","W",0,"9"
"250200040","BODZENTYN","2001","03","12",16.1,"",5.3,"",10.2,"",.0,"8",.0,"9","",0,"9"
"250200040","BODZENTYN","2001","03","13",14.0,"",6.7,"",9.7,"",.0,"8",2.0,"","W",0,"9"
"250200040","BODZENTYN","2001","03","14",9.3,"",2.4,"",5.0,"",.0,"8",.0,"9","",0,"9"
"250200040","BODZENTYN","2001","03","15",7.8,"",-.5,"",3.0,"",.0,"8",1.8,"","W",0,"9"
"250200040","BODZENTYN","2001","03","16",7.0,"",.0,"",3.7,"",.0,"8",.0,"","W",0,"9"
"250200040","BODZENTYN","2001","03","17",7.0,"",.5,"",2.9,"",.0,"8",8.4,"","S",0,"9"
"250200040","BODZENTYN","2001","03","18",2.0,"",-1.0,"",.6,"",.0,"8",1.8,"","S",2,""
"250200040","BODZENTYN","2001","03","19",9.3,"",-.5,"",3.5,"",.0,"8",3.0,"","S",0,"9"
"250200040","BODZENTYN","2001","03","20",4.7,"",-2.5,"",-.1,"",.0,"8",.4,"","S",0,""
"250200040","BODZENTYN","2001","03","21",-.9,"",-5.2,"",-2.9,"",.0,"8",.0,"9","",0,"9"
"250200040","BODZENTYN","2001","03","22",3.7,"",-8.4,"",-2.2,"",.0,"8",.1,"","S",0,"9"
"250200040","BODZENTYN","2001","03","23",1.5,"",-1.5,"",.0,"",.0,"8",.4,"","S",0,""
"250200040","BODZENTYN","2001","03","24",2.9,"",-1.8,"",.9,"",.0,"8",3.3,"","S",0,"9"
"250200040","BODZENTYN","2001","03","25",2.9,"",-1.5,"",.3,"",.0,"8",7.7,"","W",0,"9"
"250200040","BODZENTYN","2001","03","26",.0,"",-4.5,"",-2.5,"",.0,"8",2.4,"","S",0,"9"
"250200040","BODZENTYN","2001","03","27",-.8,"",-7.9,"",-4.4,"",.0,"8",.0,"9","",4,""
"250200040","BODZENTYN","2001","03","28",1.2,"",-6.5,"",-3.1,"",.0,"8",.0,"9","",4,""
"250200040","BODZENTYN","2001","03","29",4.9,"",-6.1,"",-.8,"",.0,"8",.0,"9","",0,"9"
"250200040","BODZENTYN","2001","03","30",11.8,"",-1.1,"",4.4,"",.0,"8",.0,"9","",0,"9"
"250200040","BODZENTYN","2001","03","31",11.1,"",-2.3,"",4.2,"",.0,"8",.0,"9","",0,"9"
"250200120","SKRONIÓW","2001","03","01",5.0,"",-4.5,"",-.4,"",-8.1,"",.1,"","W",0,"9"
"250200120","SKRONIÓW","2001","03","02",4.0,"",-3.8,"",-.9,"",-6.4,"",.0,"9","",0,"9"
"250200120","SKRONIÓW","2001","03","03",2.5,"",-2.8,"",-.1,"",-6.3,"",.6,"","S",0,"9"
"250200120","SKRONIÓW","2001","03","04",4.0,"",.3,"",1.9,"",-.1,"",1.5,"","W",0,"9"
"250200120","SKRONIÓW","2001","03","05",2.4,"",-.7,"",.6,"",-1.1,"",1.7,"","S",0,"9"
"250200120","SKRONIÓW","2001","03","06",3.5,"",-4.3,"",-1.1,"",-6.3,"",.0,"9","",0,""
"250200120","SKRONIÓW","2001","03","07",9.0,"",-4.5,"",1.0,"",-7.4,"",.0,"9","",0,"9"
"250200120","SKRONIÓW","2001","03","08",9.5,"",-1.2,"",3.4,"",-4.3,"",.0,"9","",0,"9"
"250200120","SKRONIÓW","2001","03","09",16.0,"",.3,"",6.5,"",-1.3,"",.1,"","W",0,"9"
"250200120","SKRONIÓW","2001","03","10",11.0,"",4.8,"",6.9,"",3.7,"",.8,"","W",0,"9"
"250200120","SKRONIÓW","2001","03","11",13.5,"",3.3,"",7.5,"",-.1,"",.1,"","W",0,"9"
"250200120","SKRONIÓW","2001","03","12",19.0,"",5.8,"",10.7,"",1.9,"",.0,"9","",0,"9"
"250200120","SKRONIÓW","2001","03","13",11.4,"",6.3,"",8.0,"",2.7,"",3.1,"","W",0,"9"
"250200120","SKRONIÓW","2001","03","14",9.0,"",1.8,"",4.2,"",-1.1,"",.2,"","W",0,"9"
"250200120","SKRONIÓW","2001","03","15",8.0,"",-.2,"",3.5,"",-.7,"",6.3,"","W",0,"9"
"250200120","SKRONIÓW","2001","03","16",9.0,"",1.3,"",5.0,"",.4,"",.0,"9","",0,"9"
"250200120","SKRONIÓW","2001","03","17",9.8,"",1.9,"",4.7,"",1.5,"",8.5,"","S",0,"9"
"250200120","SKRONIÓW","2001","03","18",4.8,"",.3,"",1.8,"",.0,"",4.8,"","S",0,""
"250200120","SKRONIÓW","2001","03","19",12.0,"",-.2,"",4.7,"",-.5,"",2.0,"","S",0,"9"
"250200120","SKRONIÓW","2001","03","20",5.7,"",-2.8,"",-.1,"",-3.2,"",.4,"","S",0,""
"250200120","SKRONIÓW","2001","03","21",-.5,"",-5.5,"",-3.2,"",-6.3,"",.0,"9","",0,"9"
"250200120","SKRONIÓW","2001","03","22",5.5,"",-5.9,"",-.6,"",-7.7,"",.1,"","S",0,"9"
"250200120","SKRONIÓW","2001","03","23",4.0,"",-.2,"",1.1,"",-.6,"",2.7,"","S",0,""
"250200120","SKRONIÓW","2001","03","24",2.0,"",-.2,"",1.0,"",-.6,"",7.5,"","W",0,"9"
"250200120","SKRONIÓW","2001","03","25",3.5,"",-.2,"",1.3,"",-.6,"",1.5,"","S",0,"9"
"250200120","SKRONIÓW","2001","03","26",.4,"",-3.3,"",-1.8,"",-5.4,"",1.1,"","S",0,""
"250200120","SKRONIÓW","2001","03","27",-.5,"",-4.8,"",-2.7,"",-5.6,"",.0,"9","",1,""
"250200120","SKRONIÓW","2001","03","28",5.0,"",-3.0,"",.1,"",-3.7,"",.0,"9","",0,"9"
"250200120","SKRONIÓW","2001","03","29",5.5,"",-5.3,"",.0,"",-7.1,"",.0,"9","",0,"9"
"250200120","SKRONIÓW","2001","03","30",14.5,"",.3,"",5.2,"",-.1,"",.0,"9","",0,"9"
"250200120","SKRONIÓW","2001","03","31",12.0,"",-.7,"",5.4,"",-3.4,"",.0,"9","",0,"9"
"250200210","MIECHÓW","2001","03","01",4.7,"",-3.1,"",.0,"",-4.9,"",.5,"","W",4,""
"250200210","MIECHÓW","2001","03","02",4.9,"",-3.4,"",.2,"",-6.0,"",.0,"9","",2,""
"250200210","MIECHÓW","2001","03","03",4.7,"",-.9,"",1.7,"",-5.5,"",.7,"","S",0,"9"
"250200210","MIECHÓW","2001","03","04",4.6,"",.0,"",2.2,"",-3.6,"",.6,"","W",0,"9"
"250200210","MIECHÓW","2001","03","05",4.0,"",1.3,"",2.2,"",.2,"",1.0,"","S",0,"9"
"250200210","MIECHÓW","2001","03","06",5.5,"",-4.3,"",-.6,"",-6.5,"",.0,"9","",0,""
"250200210","MIECHÓW","2001","03","07",9.0,"",-2.4,"",2.1,"",-4.6,"",.0,"9","",0,"9"
"250200210","MIECHÓW","2001","03","08",10.3,"",1.1,"",4.9,"",-2.6,"",.0,"9","",0,"9"
"250200210","MIECHÓW","2001","03","09",14.2,"",.1,"",6.1,"",-2.6,"",.0,"9","",0,"9"
"250200210","MIECHÓW","2001","03","10",13.0,"",5.1,"",7.6,"",.6,"",1.1,"","W",0,"9"
"250200210","MIECHÓW","2001","03","11",12.4,"",4.3,"",7.7,"",.6,"",.0,"","W",0,"9"
"250200210","MIECHÓW","2001","03","12",18.1,"",5.1,"",11.4,"",2.8,"",.0,"9","",0,"9"
"250200210","MIECHÓW","2001","03","13",16.2,"",5.4,"",8.7,"",1.7,"",1.2,"","W",0,"9"
"250200210","MIECHÓW","2001","03","14",9.3,"",3.1,"",5.1,"",-.1,"",1.1,"","W",0,"9"
"250200210","MIECHÓW","2001","03","15",9.4,"",.5,"",3.8,"",-5.6,"",1.7,"","S",0,"9"
"250200210","MIECHÓW","2001","03","16",9.4,"",.0,"",4.3,"",-1.6,"",.0,"9","",0,""
"250200210","MIECHÓW","2001","03","17",8.6,"",4.1,"",5.7,"",1.2,"",2.4,"","W",0,"9"
"250200210","MIECHÓW","2001","03","18",5.6,"",.1,"",2.2,"",-1.6,"",8.8,"","S",0,"9"
"250200210","MIECHÓW","2001","03","19",11.8,"",.5,"",4.2,"",.1,"",2.8,"","S",0,"9"
"250200210","MIECHÓW","2001","03","20",3.1,"",-2.4,"",-.7,"",-3.9,"",.3,"","S",0,""
"250200210","MIECHÓW","2001","03","21",-.6,"",-4.4,"",-2.6,"",-7.2,"",.0,"9","",0,"9"
"250200210","MIECHÓW","2001","03","22",4.8,"",-3.4,"",.6,"",-4.6,"",2.4,"","W",0,"9"
"250200210","MIECHÓW","2001","03","23",4.2,"",2.0,"",2.7,"",.4,"",1.9,"","S",0,"9"
"250200210","MIECHÓW","2001","03","24",4.5,"",-.5,"",1.9,"",-2.6,"",1.4,"","W",1,""
"250200210","MIECHÓW","2001","03","25",5.5,"",2.1,"",3.2,"",.4,"",6.9,"","S",0,"9"
"250200210","MIECHÓW","2001","03","26",2.2,"",-1.6,"",-.6,"",-5.5,"",.7,"","S",0,""
"250200210","MIECHÓW","2001","03","27",-1.2,"",-4.5,"",-2.8,"",-6.3,"",.1,"","S",0,""
"250200210","MIECHÓW","2001","03","28",.9,"",-3.2,"",-1.6,"",-6.2,"",.0,"","W",0,""
"250200210","MIECHÓW","2001","03","29",4.9,"",-3.7,"",.3,"",-6.3,"",.0,"9","",0,"9"
"250200210","MIECHÓW","2001","03","30",14.8,"",.9,"",6.7,"",.5,"",.0,"9","",0,"9"
"250200210","MIECHÓW","2001","03","31",9.1,"",2.2,"",5.6,"",.6,"",.1,"","W",0,"9"
"250200220","SIELEC","2001","03","01",5.9,"",-2.4,"",1.1,"",-3.8,"",1.3,"","W",0,"9"
"250200220","SIELEC","2001","03","02",5.4,"",-4.2,"",.1,"",-5.3,"",.0,"9","",0,"9"
"250200220","SIELEC","2001","03","03",3.9,"",-2.1,"",1.2,"",-3.3,"",.5,"","S",0,"9"
"250200220","SIELEC","2001","03","04",4.4,"",-.6,"",1.8,"",-1.7,"",1.4,"","W",0,"9"
"250200220","SIELEC","2001","03","05",3.4,"",-.1,"",1.6,"",-2.2,"",4.3,"","S",0,"9"
"250200220","SIELEC","2001","03","06",2.5,"",-4.7,"",-1.2,"",-6.7,"",.0,"9","",0,"9"
"250200220","SIELEC","2001","03","07",9.8,"",-6.2,"",.9,"",-8.1,"",.0,"9","",0,"9"
"250200220","SIELEC","2001","03","08",10.8,"",-2.6,"",3.5,"",-4.5,"",.0,"9","",0,"9"
"250200220","SIELEC","2001","03","09",15.8,"",-1.6,"",6.0,"",-3.7,"",.2,"","W",0,"9"
"250200220","SIELEC","2001","03","10",11.3,"",4.2,"",7.4,"",1.2,"",2.2,"","W",0,"9"
"250200220","SIELEC","2001","03","11",13.8,"",-.1,"",6.6,"",-2.0,"",.0,"9","",0,"9"
"250200220","SIELEC","2001","03","12",16.3,"",4.2,"",9.9,"",.6,"",.0,"9","",0,"9"
"250200220","SIELEC","2001","03","13",13.8,"",4.7,"",8.1,"",2.8,"",4.1,"","W",0,"9"
"250200220","SIELEC","2001","03","14",9.8,"",2.1,"",4.9,"",.4,"",1.4,"","W",0,"9"
"250200220","SIELEC","2001","03","15",10.3,"",-.1,"",4.4,"",-3.0,"",10.3,"","W",0,"9"
"250200220","SIELEC","2001","03","16",10.3,"",-.6,"",4.9,"",-2.4,"",.0,"9","",0,"9"
"250200220","SIELEC","2001","03","17",9.3,"",-1.6,"",5.0,"",-2.8,"",8.1,"","W",0,"9"
"250200220","SIELEC","2001","03","18",6.4,"",1.0,"",3.1,"",-.2,"",1.6,"","W",0,"9"
"250200220","SIELEC","2001","03","19",11.8,"",-1.1,"",4.6,"",-3.0,"",4.6,"","S",0,"9"
"250200220","SIELEC","2001","03","20",7.4,"",-1.6,"",1.3,"",-2.6,"",.3,"","W",0,"9"
"250200220","SIELEC","2001","03","21",.8,"",-5.7,"",-2.8,"",-8.3,"",.0,"9","",0,"9"
"250200220","SIELEC","2001","03","22",5.4,"",-5.2,"",.3,"",-8.1,"",.8,"","S",0,"9"
"250200220","SIELEC","2001","03","23",4.9,"",-1.1,"",1.5,"",-2.6,"",.4,"","S",0,""
"250200220","SIELEC","2001","03","24",4.9,"",-1.1,"",2.1,"",-3.9,"",2.4,"","W",0,""
"250200220","SIELEC","2001","03","25",4.9,"",1.5,"",2.7,"",-.8,"",7.4,"","S",0,"9"
"250200220","SIELEC","2001","03","26",2.4,"",-2.1,"",-.5,"",-4.1,"",3.1,"","S",0,""
"250200220","SIELEC","2001","03","27",-.6,"",-3.7,"",-1.9,"",-6.5,"",.2,"","S",0,""
"250200220","SIELEC","2001","03","28",.4,"",-3.1,"",-1.5,"",-6.1,"",.1,"","S",0,""
"250200220","SIELEC","2001","03","29",6.9,"",-4.2,"",.8,"",-6.5,"",.0,"9","",0,"9"
"250200220","SIELEC","2001","03","30",14.8,"",-1.1,"",6.0,"",-3.0,"",.0,"9","",0,"9"
"250200220","SIELEC","2001","03","31",10.8,"",-2.1,"",4.3,"",-3.3,"",.0,"9","",0,"9"
"250200230","BORUSOWA","2001","03","01",5.5,"",-4.5,"",.6,"",.0,"8",1.0,"","S",0,"9"
"250200230","BORUSOWA","2001","03","02",1.5,"",-3.9,"",-1.2,"",.0,"8",.0,"9","",0,"9"
"250200230","BORUSOWA","2001","03","03",1.2,"",-2.5,"",.1,"",.0,"8",1.2,"","S",0,"9"
"250200230","BORUSOWA","2001","03","04",4.3,"",.5,"",1.8,"",.0,"8",3.8,"","W",0,"9"
"250200230","BORUSOWA","2001","03","05",1.6,"",-.3,"",.5,"",.0,"8",.0,"9","",0,"9"
"250200230","BORUSOWA","2001","03","06",4.0,"",-3.4,"",-.6,"",.0,"8",.0,"9","",0,"9"
"250200230","BORUSOWA","2001","03","07",8.6,"",-5.9,"",-.1,"",.0,"8",.0,"9","",0,"9"
"250200230","BORUSOWA","2001","03","08",11.3,"",-1.5,"",3.0,"",.0,"8",.0,"9","",0,"9"
"250200230","BORUSOWA","2001","03","09",15.7,"",.0,"",6.2,"",.0,"8",4.4,"","W",0,"9"
"250200230","BORUSOWA","2001","03","10",10.4,"",3.5,"",5.9,"",.0,"8",.5,"","W",0,"9"
"250200230","BORUSOWA","2001","03","11",10.7,"",.0,"",4.8,"",.0,"8",.0,"9","",0,"9"
"250200230","BORUSOWA","2001","03","12",16.3,"",3.1,"",7.4,"",.0,"8",.0,"9","",0,"9"
"250200230","BORUSOWA","2001","03","13",11.7,"",4.9,"",7.4,"",.0,"8",4.0,"","W",0,"9"
"250200230","BORUSOWA","2001","03","14",9.2,"",2.0,"",5.4,"",.0,"8",.2,"","W",0,"9"
"250200230","BORUSOWA","2001","03","15",9.2,"",.0,"",3.7,"",.0,"8",11.3,"","W",0,"9"
"250200230","BORUSOWA","2001","03","16",8.8,"",.5,"",3.7,"",.0,"8",.0,"9","",0,"9"
"250200230","BORUSOWA","2001","03","17",7.5,"",.5,"",5.0,"",.0,"8",5.0,"","W",0,"9"
"250200230","BORUSOWA","2001","03","18",6.5,"",.7,"",2.6,"",.0,"8",2.2,"","W",0,"9"
"250200230","BORUSOWA","2001","03","19",10.5,"",.0,"",3.1,"",.0,"8",3.1,"","W",0,"9"
"250200230","BORUSOWA","2001","03","20",1.0,"",-.5,"",.3,"",.0,"8",.0,"9","",0,"9"
"250200230","BORUSOWA","2001","03","21",.7,"",-4.9,"",-1.9,"",.0,"8",.0,"","S",0,"9"
"250200230","BORUSOWA","2001","03","22",5.2,"",-4.4,"",1.2,"",.0,"8",.8,"","S",0,""
"250200230","BORUSOWA","2001","03","23",1.3,"",-.5,"",.4,"",.0,"8",2.0,"","S",0,""
"250200230","BORUSOWA","2001","03","24",2.5,"",-.5,"",.8,"",.0,"8",2.9,"","W",0,"9"
"250200230","BORUSOWA","2001","03","25",2.6,"",.5,"",1.8,"",.0,"8",5.0,"","W",0,"9"
"250200230","BORUSOWA","2001","03","26",2.0,"",-1.0,"",.2,"",.0,"8",7.7,"","S",0,"9"
"250200230","BORUSOWA","2001","03","27",-.2,"",-2.9,"",-1.6,"",.0,"8",3.7,"","S",0,""
"250200230","BORUSOWA","2001","03","28",-.8,"",-3.4,"",-1.9,"",.0,"8",.0,"9","",0,""
"250200230","BORUSOWA","2001","03","29",6.2,"",-3.9,"",.4,"",.0,"8",.0,"9","",0,""
"250200230","BORUSOWA","2001","03","30",14.1,"",-1.0,"",5.2,"",.0,"8",.0,"9","",0,"9"
"250200230","BORUSOWA","2001","03","31",11.2,"",-2.0,"",3.3,"",.0,"8",.0,"9","",0,"9"
"250200280","IGO£OMIA","2001","03","01",5.1,"",-4.1,"",.5,"",-8.8,"",.8,"","W",6,""
"250200280","IGO£OMIA","2001","03","02",5.3,"",-6.1,"",-1.0,"",-7.8,"",.3,"","S",4,""
"250200280","IGO£OMIA","2001","03","03",5.1,"",-3.1,"",.8,"",-7.3,"",.2,"","S",2,""
"250200280","IGO£OMIA","2001","03","04",4.8,"",.4,"",2.7,"",.0,"",.4,"","W",0,"9"
"250200280","IGO£OMIA","2001","03","05",4.3,"",.4,"",2.2,"",-.5,"",6.0,"","S",0,"9"
"250200280","IGO£OMIA","2001","03","06",4.8,"",-1.8,"",.7,"",-3.4,"",.0,"9","",0,"9"
"250200280","IGO£OMIA","2001","03","07",9.5,"",-4.6,"",1.3,"",-5.9,"",.0,"9","",0,"9"
"250200280","IGO£OMIA","2001","03","08",11.5,"",-.6,"",4.2,"",-2.6,"",.0,"9","",0,"9"
"250200280","IGO£OMIA","2001","03","09",15.4,"",.9,"",7.4,"",-2.0,"",2.7,"","W",0,"9"
"250200280","IGO£OMIA","2001","03","10",11.7,"",5.9,"",8.2,"",4.7,"",.5,"","W",0,"9"
"250200280","IGO£OMIA","2001","03","11",14.4,"",1.9,"",7.5,"",-.5,"",.0,"9","",0,"9"
"250200280","IGO£OMIA","2001","03","12",16.1,"",3.9,"",9.2,"",.2,"",.0,"9","",0,"9"
"250200280","IGO£OMIA","2001","03","13",12.0,"",5.4,"",7.9,"",3.2,"",3.5,"","W",0,"9"
"250200280","IGO£OMIA","2001","03","14",10.0,"",1.6,"",5.2,"",-2.0,"",1.7,"","W",0,"9"
"250200280","IGO£OMIA","2001","03","15",10.0,"",.4,"",4.2,"",-2.5,"",7.4,"","W",0,"9"
"250200280","IGO£OMIA","2001","03","16",11.0,"",.9,"",5.9,"",.0,"",.0,"9","",0,"9"
"250200280","IGO£OMIA","2001","03","17",9.2,"",4.6,"",6.5,"",3.2,"",6.2,"","W",0,"9"
"250200280","IGO£OMIA","2001","03","18",5.1,"",1.4,"",3.0,"",1.0,"",1.0,"","W",0,"9"
"250200280","IGO£OMIA","2001","03","19",12.5,"",-.1,"",5.2,"",-1.5,"",5.2,"","S",0,"9"
"250200280","IGO£OMIA","2001","03","20",7.5,"",-.8,"",1.6,"",-2.0,"",.0,"","W",0,""
"250200280","IGO£OMIA","2001","03","21",1.3,"",-3.6,"",-1.4,"",-5.4,"",.0,"9","",0,"9"
"250200280","IGO£OMIA","2001","03","22",6.1,"",-4.3,"",.6,"",-5.9,"",1.2,"","W",0,"9"
"250200280","IGO£OMIA","2001","03","23",4.1,"",.9,"",2.0,"",.5,"",3.8,"","S",0,"9"
"250200280","IGO£OMIA","2001","03","24",6.1,"",-.1,"",2.9,"",-.5,"",2.9,"","W",0,""
"250200280","IGO£OMIA","2001","03","25",5.1,"",1.4,"",2.9,"",1.0,"",4.4,"","S",0,"9"
"250200280","IGO£OMIA","2001","03","26",1.8,"",-1.3,"",-.3,"",-2.0,"",1.8,"","S",0,""
"250200280","IGO£OMIA","2001","03","27",.6,"",-2.3,"",-1.1,"",-3.4,"",.0,"","W",0,""
"250200280","IGO£OMIA","2001","03","28",.8,"",-2.8,"",-1.3,"",-3.4,"",.8,"","S",0,""
"250200280","IGO£OMIA","2001","03","29",6.5,"",-3.1,"",1.5,"",-4.4,"",.0,"9","",0,"9"
"250200280","IGO£OMIA","2001","03","30",14.9,"",-1.1,"",5.9,"",-3.9,"",.0,"9","",0,"9"
"250200280","IGO£OMIA","2001","03","31",9.0,"",-.6,"",4.4,"",-2.9,"",.0,"9","",0,"9"
"250210050","ŒWIÊTY KRZY¯","2001","03","01",1.8,"",-5.1,"",-2.2,"",-8.3,"",2.6,"","S",20,""
"250210050","ŒWIÊTY KRZY¯","2001","03","02",1.6,"",-3.6,"",-1.5,"",-5.1,"",.0,"9","",20,""
"250210050","ŒWIÊTY KRZY¯","2001","03","03",-.2,"",-3.8,"",-1.8,"",-6.5,"",.8,"","S",20,""
"250210050","ŒWIÊTY KRZY¯","2001","03","04",3.0,"",-3.7,"",.0,"",-6.4,"",4.3,"","S",20,""
"250210050","ŒWIÊTY KRZY¯","2001","03","05",2.3,"",-2.8,"",-.8,"",-4.4,"",3.4,"","S",12,""
"250210050","ŒWIÊTY KRZY¯","2001","03","06",2.1,"",-6.7,"",-3.4,"",-12.2,"",.0,"9","",15,""
"250210050","ŒWIÊTY KRZY¯","2001","03","07",6.5,"",-2.6,"",1.8,"",-6.9,"",.0,"9","",12,""
"250210050","ŒWIÊTY KRZY¯","2001","03","08",5.3,"",-.6,"",2.0,"",-2.1,"",.0,"9","",11,""
"250210050","ŒWIÊTY KRZY¯","2001","03","09",10.7,"",1.1,"",5.5,"",.3,"",.0,"","W",11,""
"250210050","ŒWIÊTY KRZY¯","2001","03","10",8.8,"",4.5,"",6.1,"",3.6,"",2.1,"","W",0,"9"
"250210050","ŒWIÊTY KRZY¯","2001","03","11",10.8,"",4.1,"",6.6,"",2.3,"",1.1,"","W",0,"9"
"250210050","ŒWIÊTY KRZY¯","2001","03","12",14.1,"",5.0,"",8.6,"",3.7,"",.0,"9","",0,"9"
"250210050","ŒWIÊTY KRZY¯","2001","03","13",12.1,"",5.6,"",7.6,"",5.2,"",2.5,"","W",0,"9"
"250210050","ŒWIÊTY KRZY¯","2001","03","14",6.9,"",2.1,"",3.5,"",-.3,"",.0,"","W",0,"9"
"250210050","ŒWIÊTY KRZY¯","2001","03","15",6.0,"",-1.0,"",1.7,"",-2.9,"",2.7,"","W",0,"9"
"250210050","ŒWIÊTY KRZY¯","2001","03","16",4.5,"",-.7,"",1.6,"",-1.1,"",.8,"","W",0,"9"
"250210050","ŒWIÊTY KRZY¯","2001","03","17",4.8,"",.5,"",1.8,"",-.3,"",11.4,"","S",0,"9"
"250210050","ŒWIÊTY KRZY¯","2001","03","18",1.1,"",-1.9,"",-.9,"",-4.3,"",4.0,"","S",7,""
"250210050","ŒWIÊTY KRZY¯","2001","03","19",6.2,"",-1.4,"",1.7,"",-2.6,"",5.0,"","S",6,""
"250210050","ŒWIÊTY KRZY¯","2001","03","20",3.3,"",-4.5,"",-2.4,"",-6.1,"",4.7,"","S",4,""
"250210050","ŒWIÊTY KRZY¯","2001","03","21",-2.9,"",-6.1,"",-5.2,"",-9.2,"",.0,"9","",11,""
"250210050","ŒWIÊTY KRZY¯","2001","03","22",1.3,"",-7.0,"",-3.3,"",-13.0,"",.0,"","W",11,""
"250210050","ŒWIÊTY KRZY¯","2001","03","23",-.1,"",-2.2,"",-1.5,"",-3.2,"",.4,"","S",7,""
"250210050","ŒWIÊTY KRZY¯","2001","03","24",.8,"",-3.1,"",-1.1,"",-3.9,"",5.4,"","S",8,""
"250210050","ŒWIÊTY KRZY¯","2001","03","25",1.7,"",-2.1,"",-1.0,"",-4.0,"",7.8,"","S",0,"9"
"250210050","ŒWIÊTY KRZY¯","2001","03","26",-2.1,"",-6.0,"",-4.5,"",-9.6,"",7.7,"","S",5,""
"250210050","ŒWIÊTY KRZY¯","2001","03","27",-3.2,"",-7.4,"",-5.7,"",-7.1,"",.0,"","W",16,""
"250210050","ŒWIÊTY KRZY¯","2001","03","28",-1.3,"",-8.1,"",-5.0,"",-9.9,"",.0,"9","",16,""
"250210050","ŒWIÊTY KRZY¯","2001","03","29",1.6,"",-7.4,"",-3.3,"",-8.6,"",.0,"9","",15,""
"250210050","ŒWIÊTY KRZY¯","2001","03","30",9.2,"",-2.3,"",2.4,"",-3.2,"",.0,"9","",13,""
"250210050","ŒWIÊTY KRZY¯","2001","03","31",9.1,"",-1.9,"",2.8,"",-2.4,"",.0,"9","",0,"9"
"250210130","STASZÓW","2001","03","01",4.9,"",-4.4,"",-.3,"",.0,"8",1.3,"","W",0,"9"
"250210130","STASZÓW","2001","03","02",4.6,"",-4.2,"",-.6,"",.0,"8",.0,"9","",0,"9"
"250210130","STASZÓW","2001","03","03",3.9,"",-3.1,"",.5,"",.0,"8",.0,"9","",0,"9"
"250210130","STASZÓW","2001","03","04",3.5,"",.3,"",1.8,"",.0,"8",3.1,"","W",0,"9"
"250210130","STASZÓW","2001","03","05",2.3,"",.2,"",.9,"",.0,"8",3.0,"","S",0,"9"
"250210130","STASZÓW","2001","03","06",5.0,"",-3.9,"",-.9,"",.0,"8",.0,"9","",0,"9"
"250210130","STASZÓW","2001","03","07",9.1,"",-6.0,"",-.6,"",.0,"8",.0,"9","",0,"9"
"250210130","STASZÓW","2001","03","08",11.3,"",-1.9,"",3.5,"",.0,"8",.0,"9","",0,"9"
"250210130","STASZÓW","2001","03","09",14.7,"",.7,"",6.5,"",.0,"8",3.1,"","W",0,"9"
"250210130","STASZÓW","2001","03","10",11.0,"",5.6,"",7.8,"",.0,"8",.8,"","W",0,"9"
"250210130","STASZÓW","2001","03","11",13.8,"",-1.2,"",6.0,"",.0,"8",.0,"9","",0,"9"
"250210130","STASZÓW","2001","03","12",16.5,"",4.8,"",9.4,"",.0,"8",.0,"9","",0,"9"
"250210130","STASZÓW","2001","03","13",13.1,"",5.6,"",8.4,"",.0,"8",3.2,"","W",0,"9"
"250210130","STASZÓW","2001","03","14",11.0,"",3.9,"",5.8,"",.0,"8",.3,"","W",0,"9"
"250210130","STASZÓW","2001","03","15",9.0,"",-1.9,"",3.2,"",.0,"8",4.7,"","W",0,"9"
"250210130","STASZÓW","2001","03","16",7.2,"",1.1,"",4.5,"",.0,"8",.0,"9","",0,"9"
"250210130","STASZÓW","2001","03","17",9.0,"",3.8,"",5.5,"",.0,"8",8.8,"","W",0,"9"
"250210130","STASZÓW","2001","03","18",3.9,"",.8,"",1.7,"",.0,"8",1.0,"","W",0,"9"
"250210130","STASZÓW","2001","03","19",9.4,"",.5,"",4.3,"",.0,"8",3.6,"","S",0,"9"
"250210130","STASZÓW","2001","03","20",6.3,"",-1.1,"",1.0,"",.0,"8",.0,"","W",0,""
"250210130","STASZÓW","2001","03","21",.4,"",-5.3,"",-2.8,"",.0,"8",.0,"9","",0,"9"
"250210130","STASZÓW","2001","03","22",5.3,"",-5.8,"",-.4,"",.0,"8",.0,"","S",0,"9"
"250210130","STASZÓW","2001","03","23",2.3,"",.0,"",.8,"",.0,"8",.3,"","S",0,""
"250210130","STASZÓW","2001","03","24",3.8,"",.1,"",1.8,"",.0,"8",3.3,"","W",0,"9"
"250210130","STASZÓW","2001","03","25",3.1,"",.0,"",1.2,"",.0,"8",8.1,"","S",0,"9"
"250210130","STASZÓW","2001","03","26",.4,"",-1.7,"",-1.0,"",.0,"8",3.2,"","S",0,""
"250210130","STASZÓW","2001","03","27",-.2,"",-4.0,"",-2.3,"",.0,"8",.0,"9","",2,""
"250210130","STASZÓW","2001","03","28",2.3,"",-2.2,"",-1.0,"",.0,"8",.0,"9","",0,"9"
"250210130","STASZÓW","2001","03","29",5.3,"",-4.1,"",.0,"",.0,"8",.0,"9","",0,"9"
"250210130","STASZÓW","2001","03","30",13.2,"",1.3,"",6.0,"",.0,"8",.0,"9","",0,"9"
"250210130","STASZÓW","2001","03","31",13.0,"",-3.8,"",5.3,"",.0,"8",.0,"9","",0,"9"
"250210180","CHORZELÓW","2001","03","01",5.8,"",-4.0,"",.5,"",.0,"8",1.2,"","W",0,"9"
"250210180","CHORZELÓW","2001","03","02",5.7,"",-3.1,"",.7,"",.0,"8",.0,"9","",0,"9"
"250210180","CHORZELÓW","2001","03","03",4.2,"",-2.0,"",1.7,"",.0,"8",.6,"","S",0,"9"
"250210180","CHORZELÓW","2001","03","04",6.2,"",1.2,"",3.5,"",.0,"8",2.0,"","W",0,"9"
"250210180","CHORZELÓW","2001","03","05",4.9,"",.7,"",2.6,"",.0,"8",4.8,"","S",0,"9"
"250210180","CHORZELÓW","2001","03","06",5.4,"",-2.5,"",.2,"",.0,"8",.0,"9","",0,"9"
"250210180","CHORZELÓW","2001","03","07",10.2,"",-5.3,"",1.3,"",.0,"8",.0,"9","",0,"9"
"250210180","CHORZELÓW","2001","03","08",10.9,"",-.1,"",4.7,"",.0,"8",.0,"9","",0,"9"
"250210180","CHORZELÓW","2001","03","09",14.4,"",2.9,"",7.7,"",.0,"8",.6,"","W",0,"9"
"250210180","CHORZELÓW","2001","03","10",11.9,"",5.6,"",7.7,"",.0,"8",.8,"","W",0,"9"
"250210180","CHORZELÓW","2001","03","11",14.8,"",2.3,"",7.7,"",.0,"8",.0,"","W",0,"9"
"250210180","CHORZELÓW","2001","03","12",17.8,"",5.7,"",10.7,"",.0,"8",.0,"9","",0,"9"
"250210180","CHORZELÓW","2001","03","13",14.3,"",7.5,"",10.4,"",.0,"8",4.6,"","W",0,"9"
"250210180","CHORZELÓW","2001","03","14",11.4,"",4.9,"",6.8,"",.0,"8",.3,"","W",0,"9"
"250210180","CHORZELÓW","2001","03","15",10.2,"",-.5,"",4.4,"",.0,"8",9.6,"","W",0,"9"
"250210180","CHORZELÓW","2001","03","16",10.1,"",2.0,"",5.8,"",.0,"8",.0,"9","",0,"9"
"250210180","CHORZELÓW","2001","03","17",8.2,"",5.5,"",6.7,"",.0,"8",5.8,"","W",0,"9"
"250210180","CHORZELÓW","2001","03","18",6.3,"",1.8,"",3.2,"",.0,"8",1.9,"","W",0,"9"
"250210180","CHORZELÓW","2001","03","19",10.9,"",.4,"",4.8,"",.0,"8",3.1,"","S",0,"9"
"250210180","CHORZELÓW","2001","03","20",6.6,"",-1.6,"",.9,"",.0,"8",.3,"","S",0,""
"250210180","CHORZELÓW","2001","03","21",1.6,"",-4.4,"",-1.5,"",.0,"8",.0,"9","",0,"9"
"250210180","CHORZELÓW","2001","03","22",5.1,"",-5.7,"",-.3,"",.0,"8",.0,"9","",0,"9"
"250210180","CHORZELÓW","2001","03","23",3.4,"",.2,"",1.5,"",.0,"8",.2,"","S",0,"9"
"250210180","CHORZELÓW","2001","03","24",5.6,"",.7,"",2.8,"",.0,"8",5.3,"","W",0,"9"
"250210180","CHORZELÓW","2001","03","25",3.5,"",1.7,"",2.5,"",.0,"8",6.7,"","S",0,"9"
"250210180","CHORZELÓW","2001","03","26",1.7,"",-1.7,"",-.5,"",.0,"8",2.8,"","S",0,""
"250210180","CHORZELÓW","2001","03","27",-.1,"",-2.8,"",-1.6,"",.0,"8",.1,"","S",2,""
"250210180","CHORZELÓW","2001","03","28",1.9,"",-2.3,"",-.7,"",.0,"8",.1,"","S",1,""
"250210180","CHORZELÓW","2001","03","29",5.3,"",-3.3,"",.9,"",.0,"8",.0,"9","",0,"9"
"250210180","CHORZELÓW","2001","03","30",13.0,"",.2,"",5.8,"",.0,"8",.0,"9","",0,"9"
"250210180","CHORZELÓW","2001","03","31",12.6,"",-.8,"",6.0,"",.0,"8",.0,"9","",0,"9"
"250210240","ZAWADA","2001","03","01",4.0,"",-1.7,"",1.7,"",-6.0,"",2.1,"","W",6,""
"250210240","ZAWADA","2001","03","02",6.6,"",-4.4,"",.3,"",-5.7,"",.1,"","S",1,""
"250210240","ZAWADA","2001","03","03",4.7,"",-.8,"",2.3,"",-1.0,"",.3,"","S",0,"9"
"250210240","ZAWADA","2001","03","04",10.6,"",.5,"",6.0,"",.4,"",.7,"","W",0,"9"
"250210240","ZAWADA","2001","03","05",10.4,"",-.5,"",4.1,"",-.5,"",7.1,"","S",0,"9"
"250210240","ZAWADA","2001","03","06",4.6,"",-3.1,"",.2,"",-4.1,"",.0,"9","",0,""
"250210240","ZAWADA","2001","03","07",10.4,"",-4.6,"",3.1,"",-7.2,"",.0,"9","",0,"9"
"250210240","ZAWADA","2001","03","08",10.8,"",2.4,"",6.5,"",1.6,"",.0,"9","",0,"9"
"250210240","ZAWADA","2001","03","09",13.6,"",5.8,"",9.3,"",5.1,"",.1,"","W",0,"9"
"250210240","ZAWADA","2001","03","10",13.7,"",6.7,"",9.7,"",6.6,"",1.9,"","W",0,"9"
"250210240","ZAWADA","2001","03","11",15.1,"",4.1,"",9.6,"",2.5,"",.5,"","W",0,"9"
"250210240","ZAWADA","2001","03","12",17.2,"",7.7,"",11.8,"",6.6,"",.0,"9","",0,"9"
"250210240","ZAWADA","2001","03","13",15.9,"",7.6,"",11.1,"",7.1,"",5.4,"","W",0,"9"
"250210240","ZAWADA","2001","03","14",10.9,"",3.8,"",6.4,"",2.7,"",.1,"","W",0,"9"
"250210240","ZAWADA","2001","03","15",10.6,"",1.6,"",6.2,"",-1.2,"",9.1,"","W",0,"9"
"250210240","ZAWADA","2001","03","16",10.8,"",.1,"",5.8,"",.0,"",.3,"","W",0,"9"
"250210240","ZAWADA","2001","03","17",9.5,"",5.8,"",7.5,"",5.4,"",9.3,"","W",0,"9"
"250210240","ZAWADA","2001","03","18",7.0,"",.5,"",3.2,"",.2,"",.5,"","W",0,"9"
"250210240","ZAWADA","2001","03","19",11.9,"",-1.1,"",5.8,"",-2.3,"",8.8,"","W",0,"9"
"250210240","ZAWADA","2001","03","20",7.0,"",-1.5,"",1.5,"",-2.0,"",.4,"","S",0,"9"
"250210240","ZAWADA","2001","03","21",.6,"",-4.9,"",-1.7,"",-6.2,"",.0,"9","",0,"9"
"250210240","ZAWADA","2001","03","22",5.1,"",-5.2,"",.5,"",-6.2,"",.0,"9","",0,"9"
"250210240","ZAWADA","2001","03","23",3.2,"",-1.5,"",1.1,"",-1.6,"",.9,"","S",0,"9"
"250210240","ZAWADA","2001","03","24",7.4,"",-.5,"",3.8,"",-.6,"",4.5,"","W",0,"9"
"250210240","ZAWADA","2001","03","25",8.4,"",2.4,"",4.7,"",2.2,"",6.0,"","W",0,"9"
"250210240","ZAWADA","2001","03","26",3.5,"",-2.6,"",-.2,"",-2.6,"",.7,"","S",0,"9"
"250210240","ZAWADA","2001","03","27",-.4,"",-3.5,"",-1.7,"",-3.6,"",1.9,"","S",0,""
"250210240","ZAWADA","2001","03","28",-.6,"",-3.6,"",-2.0,"",-3.7,"",.6,"","S",2,""
"250210240","ZAWADA","2001","03","29",5.9,"",-4.6,"",.6,"",-5.1,"",.0,"9","",1,""
"250210240","ZAWADA","2001","03","30",13.5,"",-1.5,"",5.6,"",-3.1,"",.0,"9","",0,"9"
"250210240","ZAWADA","2001","03","31",13.2,"",-2.2,"",5.7,"",-4.7,"",.0,"9","",0,"9"
"250220030","WYSOKIE","2001","03","01",4.1,"",-6.1,"",-1.0,"",.0,"8",2.5,"","S",10,""
"250220030","WYSOKIE","2001","03","02",3.3,"",-.9,"",.4,"",.0,"8",.0,"9","",6,""
"250220030","WYSOKIE","2001","03","03",1.9,"",-2.3,"",-.3,"",.0,"8",.2,"","S",3,""
"250220030","WYSOKIE","2001","03","04",7.2,"",.3,"",2.5,"",.0,"8",1.1,"","W",0,"9"
"250220030","WYSOKIE","2001","03","05",4.2,"",.5,"",1.9,"",.0,"8",.1,"","S",0,"9"
"250220030","WYSOKIE","2001","03","06",1.7,"",-5.2,"",-2.5,"",.0,"8",.0,"9","",0,"9"
"250220030","WYSOKIE","2001","03","07",7.8,"",-1.6,"",1.8,"",.0,"8",.0,"9","",0,"9"
"250220030","WYSOKIE","2001","03","08",9.1,"",.3,"",3.8,"",.0,"8",.0,"9","",0,"9"
"250220030","WYSOKIE","2001","03","09",13.2,"",.8,"",6.5,"",.0,"8",1.2,"","W",0,"9"
"250220030","WYSOKIE","2001","03","10",9.1,"",5.2,"",6.6,"",.0,"8",.5,"","W",0,"9"
"250220030","WYSOKIE","2001","03","11",13.7,"",3.7,"",7.6,"",.0,"8",.0,"","W",0,"9"
"250220030","WYSOKIE","2001","03","12",16.2,"",7.1,"",10.8,"",.0,"8",.0,"9","",0,"9"
"250220030","WYSOKIE","2001","03","13",14.7,"",7.7,"",9.9,"",.0,"8",2.6,"","W",0,"9"
"250220030","WYSOKIE","2001","03","14",10.6,"",4.2,"",6.1,"",.0,"8",2.8,"","W",0,"9"
"250220030","WYSOKIE","2001","03","15",8.1,"",.3,"",3.4,"",.0,"8",.0,"9","",0,"9"
"250220030","WYSOKIE","2001","03","16",5.7,"",1.3,"",3.2,"",.0,"8",.0,"9","",0,"9"
"250220030","WYSOKIE","2001","03","17",7.2,"",3.2,"",4.5,"",.0,"8",1.4,"","S",0,"9"
"250220030","WYSOKIE","2001","03","18",3.3,"",.3,"",1.2,"",.0,"8",4.0,"","S",0,""
"250220030","WYSOKIE","2001","03","19",5.2,"",.0,"",2.6,"",.0,"8",2.2,"","S",0,""
"250220030","WYSOKIE","2001","03","20",5.2,"",-2.1,"",.2,"",.0,"8",.2,"","S",0,""
"250220030","WYSOKIE","2001","03","21",-1.0,"",-3.1,"",-2.3,"",.0,"8",.0,"9","",2,""
"250220030","WYSOKIE","2001","03","22",2.2,"",-5.1,"",-1.8,"",.0,"8",.0,"9","",0,"9"
"250220030","WYSOKIE","2001","03","23",2.4,"",-1.0,"",.6,"",.0,"8",.0,"9","",0,"9"
"250220030","WYSOKIE","2001","03","24",4.7,"",-1.2,"",.8,"",.0,"8",5.0,"","W",0,"9"
"250220030","WYSOKIE","2001","03","25",1.3,"",.3,"",.6,"",.0,"8",4.9,"","S",0,"9"
"250220030","WYSOKIE","2001","03","26",.3,"",-2.9,"",-2.0,"",.0,"8",4.4,"","S",2,""
"250220030","WYSOKIE","2001","03","27",.1,"",-5.1,"",-3.1,"",.0,"8",.0,"9","",2,""
"250220030","WYSOKIE","2001","03","28",1.2,"",-5.0,"",-2.5,"",.0,"8",.0,"9","",0,"9"
"250220030","WYSOKIE","2001","03","29",3.2,"",-4.6,"",-1.0,"",.0,"8",.0,"9","",0,"9"
"250220030","WYSOKIE","2001","03","30",7.6,"",-.3,"",2.2,"",.0,"8",.0,"9","",0,"9"
"250220030","WYSOKIE","2001","03","31",12.7,"",-.1,"",5.2,"",.0,"8",.0,"9","",0,"9"
"250220120","JAROCIN","2001","03","01",4.0,"",-4.1,"",-.4,"",.0,"8",2.5,"","S",1,""
"250220120","JAROCIN","2001","03","02",6.5,"",-.3,"",1.6,"",.0,"8",.0,"9","",1,""
"250220120","JAROCIN","2001","03","03",2.0,"",-2.1,"",.1,"",.0,"8",1.0,"","S",0,"9"
"250220120","JAROCIN","2001","03","04",5.0,"",.4,"",2.4,"",.0,"8",.7,"","W",0,"9"
"250220120","JAROCIN","2001","03","05",4.0,"",.3,"",1.9,"",.0,"8",2.5,"","S",0,"9"
"250220120","JAROCIN","2001","03","06",6.5,"",-5.2,"",-1.0,"",.0,"8",.0,"9","",0,""
"250220120","JAROCIN","2001","03","07",10.0,"",-5.7,"",.2,"",.0,"8",.0,"9","",0,"9"
"250220120","JAROCIN","2001","03","08",10.5,"",-1.8,"",3.8,"",.0,"8",.0,"9","",0,"9"
"250220120","JAROCIN","2001","03","09",14.1,"",2.4,"",7.5,"",.0,"8",.1,"","W",0,"9"
"250220120","JAROCIN","2001","03","10",12.5,"",4.8,"",8.0,"",.0,"8",1.1,"","W",0,"9"
"250220120","JAROCIN","2001","03","11",14.9,"",.4,"",6.7,"",.0,"8",.1,"","W",0,"9"
"250220120","JAROCIN","2001","03","12",17.4,"",7.3,"",11.5,"",.0,"8",.0,"9","",0,"9"
"250220120","JAROCIN","2001","03","13",15.9,"",5.8,"",9.4,"",.0,"8",3.5,"","W",0,"9"
"250220120","JAROCIN","2001","03","14",11.5,"",5.3,"",6.9,"",.0,"8",.1,"","W",0,"9"
"250220120","JAROCIN","2001","03","15",10.0,"",-1.6,"",3.8,"",.0,"8",1.7,"","W",0,"9"
"250220120","JAROCIN","2001","03","16",7.2,"",1.9,"",4.1,"",.0,"8",.0,"9","",0,"9"
"250220120","JAROCIN","2001","03","17",7.5,"",4.1,"",5.5,"",.0,"8",7.0,"","W",0,"9"
"250220120","JAROCIN","2001","03","18",4.1,"",.6,"",2.1,"",.0,"8",1.4,"","W",0,"9"
"250220120","JAROCIN","2001","03","19",8.0,"",.6,"",4.4,"",.0,"8",4.8,"","W",0,"9"
"250220120","JAROCIN","2001","03","20",8.0,"",-.2,"",2.1,"",.0,"8",.1,"","S",0,"9"
"250220120","JAROCIN","2001","03","21",.0,"",-3.6,"",-1.9,"",.0,"8",.0,"9","",0,"9"
"250220120","JAROCIN","2001","03","22",5.0,"",-6.7,"",-1.2,"",.0,"8",.0,"9","",0,"9"
"250220120","JAROCIN","2001","03","23",2.6,"",-.4,"",1.0,"",.0,"8",.6,"","S",0,"9"
"250220120","JAROCIN","2001","03","24",5.0,"",.4,"",2.5,"",.0,"8",6.0,"","W",0,"9"
"250220120","JAROCIN","2001","03","25",3.5,"",.4,"",1.7,"",.0,"8",9.5,"","S",0,"9"
"250220120","JAROCIN","2001","03","26",.5,"",-2.4,"",-1.4,"",.0,"8",4.3,"","S",0,""
"250220120","JAROCIN","2001","03","27",.6,"",-3.2,"",-1.7,"",.0,"8",.0,"9","",5,""
"250220120","JAROCIN","2001","03","28",2.5,"",-2.6,"",-1.0,"",.0,"8",.0,"9","",0,"9"
"250220120","JAROCIN","2001","03","29",5.0,"",-5.2,"",-.3,"",.0,"8",.0,"9","",0,"9"
"250220120","JAROCIN","2001","03","30",10.0,"",.4,"",3.9,"",.0,"8",.0,"9","",0,"9"
"250220120","JAROCIN","2001","03","31",13.2,"",.4,"",5.9,"",.0,"8",.0,"9","",0,"9"
"250230070","TOMASZÓW LUBELSKI","2001","03","01",3.1,"",-6.9,"",-1.8,"",.0,"8",1.4,"","W",10,""
"250230070","TOMASZÓW LUBELSKI","2001","03","02",5.0,"",-.4,"",1.7,"",.0,"8",.0,"9","",7,""
"250230070","TOMASZÓW LUBELSKI","2001","03","03",2.1,"",-3.9,"",-.7,"",.0,"8",.1,"","S",5,""
"250230070","TOMASZÓW LUBELSKI","2001","03","04",4.6,"",-.8,"",2.0,"",.0,"8",.3,"","W",3,""
"250230070","TOMASZÓW LUBELSKI","2001","03","05",4.7,"",-.8,"",2.0,"",.0,"8",1.7,"","S",0,"9"
"250230070","TOMASZÓW LUBELSKI","2001","03","06",5.9,"",-5.4,"",-1.6,"",.0,"8",.0,"9","",2,""
"250230070","TOMASZÓW LUBELSKI","2001","03","07",8.4,"",-6.5,"",.3,"",.0,"8",.0,"9","",1,""
"250230070","TOMASZÓW LUBELSKI","2001","03","08",9.0,"",-2.7,"",2.6,"",.0,"8",.0,"9","",0,"9"
"250230070","TOMASZÓW LUBELSKI","2001","03","09",12.4,"",.3,"",5.8,"",.0,"8",.0,"9","",0,"9"
"250230070","TOMASZÓW LUBELSKI","2001","03","10",12.9,"",4.5,"",8.4,"",.0,"8",.0,"9","",0,"9"
"250230070","TOMASZÓW LUBELSKI","2001","03","11",15.2,"",3.1,"",8.2,"",.0,"8",.5,"","W",0,"9"
"250230070","TOMASZÓW LUBELSKI","2001","03","12",15.9,"",6.9,"",10.6,"",.0,"8",.0,"9","",0,"9"
"250230070","TOMASZÓW LUBELSKI","2001","03","13",15.4,"",4.5,"",9.1,"",.0,"8",4.2,"","W",0,"9"
"250230070","TOMASZÓW LUBELSKI","2001","03","14",11.4,"",3.6,"",6.1,"",.0,"8",1.2,"","W",0,"9"
"250230070","TOMASZÓW LUBELSKI","2001","03","15",8.8,"",-.4,"",3.5,"",.0,"8",1.8,"","W",0,"9"
"250230070","TOMASZÓW LUBELSKI","2001","03","16",6.2,"",-.1,"",2.8,"",.0,"8",.0,"9","",0,"9"
"250230070","TOMASZÓW LUBELSKI","2001","03","17",6.7,"",3.1,"",5.3,"",.0,"8",8.6,"","W",0,"9"
"250230070","TOMASZÓW LUBELSKI","2001","03","18",5.5,"",.4,"",1.9,"",.0,"8",8.0,"","S",0,"9"
"250230070","TOMASZÓW LUBELSKI","2001","03","19",4.8,"",-.8,"",2.1,"",.0,"8",9.3,"","W",0,"9"
"250230070","TOMASZÓW LUBELSKI","2001","03","20",4.2,"",-1.8,"",.4,"",.0,"8",.6,"","S",0,"9"
"250230070","TOMASZÓW LUBELSKI","2001","03","21",-1.1,"",-3.9,"",-2.5,"",.0,"8",.0,"9","",2,""
"250230070","TOMASZÓW LUBELSKI","2001","03","22",2.8,"",-3.4,"",-.8,"",.0,"8",.0,"9","",0,"9"
"250230070","TOMASZÓW LUBELSKI","2001","03","23",2.6,"",-1.7,"",.4,"",.0,"8",.0,"9","",0,"9"
"250230070","TOMASZÓW LUBELSKI","2001","03","24",5.5,"",-.9,"",1.2,"",.0,"8",6.5,"","S",0,"9"
"250230070","TOMASZÓW LUBELSKI","2001","03","25",2.6,"",-.6,"",1.0,"",.0,"8",4.5,"","S",0,"9"
"250230070","TOMASZÓW LUBELSKI","2001","03","26",.0,"",-3.4,"",-2.0,"",.0,"8",4.8,"","S",0,""
"250230070","TOMASZÓW LUBELSKI","2001","03","27",-.6,"",-4.4,"",-2.9,"",.0,"8",.0,"9","",7,""
"250230070","TOMASZÓW LUBELSKI","2001","03","28",-.4,"",-4.2,"",-2.9,"",.0,"8",.0,"9","",5,""
"250230070","TOMASZÓW LUBELSKI","2001","03","29",2.6,"",-8.5,"",-3.1,"",.0,"8",.0,"9","",2,""
"250230070","TOMASZÓW LUBELSKI","2001","03","30",6.0,"",-1.3,"",1.8,"",.0,"8",.0,"9","",0,"9"
"250230070","TOMASZÓW LUBELSKI","2001","03","31",10.7,"",.1,"",4.9,"",.0,"8",.0,"9","",0,"9"
"250230120","NOWY LUBLINIEC","2001","03","01",2.7,"",-5.7,"",-.9,"",-6.3,"",1.1,"","W",3,""
"250230120","NOWY LUBLINIEC","2001","03","02",5.7,"",.5,"",2.2,"",-.3,"",.0,"9","",1,""
"250230120","NOWY LUBLINIEC","2001","03","03",1.9,"",-2.1,"",.2,"",-4.7,"",1.0,"","S",0,"9"
"250230120","NOWY LUBLINIEC","2001","03","04",7.0,"",.6,"",3.3,"",-.3,"",.5,"","W",0,"9"
"250230120","NOWY LUBLINIEC","2001","03","05",5.2,"",.0,"",2.6,"",-.5,"",4.6,"","S",0,"9"
"250230120","NOWY LUBLINIEC","2001","03","06",4.1,"",-3.8,"",-1.0,"",-6.3,"",.0,"9","",1,""
"250230120","NOWY LUBLINIEC","2001","03","07",9.5,"",-5.0,"",-.2,"",-7.1,"",.0,"9","",0,"9"
"250230120","NOWY LUBLINIEC","2001","03","08",9.7,"",-2.1,"",3.1,"",-5.1,"",.0,"9","",0,"9"
"250230120","NOWY LUBLINIEC","2001","03","09",13.8,"",2.5,"",7.5,"",-.1,"",.2,"","W",0,"9"
"250230120","NOWY LUBLINIEC","2001","03","10",13.5,"",3.6,"",7.9,"",.3,"",1.0,"","W",0,"9"
"250230120","NOWY LUBLINIEC","2001","03","11",15.8,"",.6,"",7.4,"",-2.1,"",.6,"","W",0,"9"
"250230120","NOWY LUBLINIEC","2001","03","12",16.6,"",5.3,"",9.8,"",1.9,"",.0,"9","",0,"9"
"250230120","NOWY LUBLINIEC","2001","03","13",15.7,"",5.7,"",9.8,"",2.7,"",5.2,"","W",0,"9"
"250230120","NOWY LUBLINIEC","2001","03","14",10.7,"",5.0,"",6.6,"",.7,"",.8,"","W",0,"9"
"250230120","NOWY LUBLINIEC","2001","03","15",9.5,"",-2.6,"",3.5,"",-4.8,"",4.5,"","W",0,"9"
"250230120","NOWY LUBLINIEC","2001","03","16",6.5,"",2.1,"",4.0,"",.2,"",.1,"","W",0,"9"
"250230120","NOWY LUBLINIEC","2001","03","17",9.2,"",4.8,"",6.1,"",3.8,"",7.8,"","W",0,"9"
"250230120","NOWY LUBLINIEC","2001","03","18",5.0,"",1.1,"",2.3,"",.9,"",5.8,"","W",0,"9"
"250230120","NOWY LUBLINIEC","2001","03","19",4.5,"",-1.0,"",2.0,"",-2.3,"",11.1,"","S",0,"9"
"250230120","NOWY LUBLINIEC","2001","03","20",4.1,"",-.4,"",1.2,"",-2.4,"",.7,"","S",0,"9"
"250230120","NOWY LUBLINIEC","2001","03","21",-.3,"",-3.6,"",-2.2,"",-4.8,"",.0,"","W",0,"9"
"250230120","NOWY LUBLINIEC","2001","03","22",2.8,"",-4.1,"",-.9,"",-6.3,"",.0,"9","",0,"9"
"250230120","NOWY LUBLINIEC","2001","03","23",2.7,"",-1.6,"",.5,"",-3.7,"",.2,"","S",0,"9"
"250230120","NOWY LUBLINIEC","2001","03","24",5.1,"",.0,"",2.1,"",-.8,"",7.9,"","W",0,"9"
"250230120","NOWY LUBLINIEC","2001","03","25",4.5,"",1.0,"",2.6,"",-.1,"",7.6,"","S",0,"9"
"250230120","NOWY LUBLINIEC","2001","03","26",1.0,"",-1.7,"",-.7,"",-3.3,"",3.3,"","S",1,""
"250230120","NOWY LUBLINIEC","2001","03","27",-1.1,"",-3.1,"",-2.2,"",-3.3,"",.1,"","S",2,""
"250230120","NOWY LUBLINIEC","2001","03","28",-1.1,"",-2.7,"",-2.2,"",-3.2,"",.0,"","W",1,""
"250230120","NOWY LUBLINIEC","2001","03","29",3.8,"",-5.3,"",-1.1,"",-6.8,"",.0,"9","",0,"9"
"250230120","NOWY LUBLINIEC","2001","03","30",8.2,"",.2,"",3.1,"",-1.4,"",.0,"9","",0,"9"
"250230120","NOWY LUBLINIEC","2001","03","31",10.6,"",1.5,"",5.4,"",-.7,"",.0,"9","",0,"9"
"251150060","CEBER","2001","03","01",8.1,"",-5.2,"",1.6,"",-7.6,"",.0,"9","",0,"9"
"251150060","CEBER","2001","03","02",4.6,"",-1.8,"",1.2,"",-5.1,"",.0,"9","",0,"9"
"251150060","CEBER","2001","03","03",1.7,"",-2.6,"",-.2,"",-5.6,"",1.9,"","S",0,"9"
"251150060","CEBER","2001","03","04",2.1,"",-.9,"",.8,"",-1.5,"",7.2,"","S",2,""
"251150060","CEBER","2001","03","05",2.3,"",-.6,"",.6,"",-.5,"",1.4,"","W",5,""
"251150060","CEBER","2001","03","06",2.1,"",-4.9,"",-1.8,"",-5.6,"",.0,"9","",0,"9"
"251150060","CEBER","2001","03","07",8.3,"",-5.7,"",.7,"",-8.1,"",.0,"9","",0,"9"
"251150060","CEBER","2001","03","08",10.2,"",.1,"",4.1,"",-1.0,"",.0,"9","",0,"9"
"251150060","CEBER","2001","03","09",9.1,"",2.3,"",5.7,"",.0,"",2.7,"","W",0,"9"
"251150060","CEBER","2001","03","10",14.4,"",5.9,"",9.4,"",4.6,"",.5,"","W",0,"9"
"251150060","CEBER","2001","03","11",13.8,"",7.6,"",10.2,"",6.1,"",1.2,"","W",0,"9"
"251150060","CEBER","2001","03","12",17.6,"",5.9,"",11.4,"",2.6,"",13.5,"","W",0,"9"
"251150060","CEBER","2001","03","13",12.6,"",5.9,"",8.3,"",2.6,"",3.4,"","W",0,"9"
"251150060","CEBER","2001","03","14",9.6,"",3.9,"",6.0,"",2.3,"",1.6,"","W",0,"9"
"251150060","CEBER","2001","03","15",9.3,"",2.5,"",4.8,"",-.6,"",.4,"","W",0,"9"
"251150060","CEBER","2001","03","16",11.0,"",.0,"",5.0,"",-2.5,"",.0,"9","",0,"9"
"251150060","CEBER","2001","03","17",7.5,"",1.0,"",3.4,"",.6,"",7.9,"","W",0,"9"
"251150060","CEBER","2001","03","18",3.3,"",-.1,"",1.6,"",.0,"",2.5,"","W",0,"9"
"251150060","CEBER","2001","03","19",12.3,"",1.0,"",4.8,"",.0,"",4.8,"","S",0,"9"
"251150060","CEBER","2001","03","20",2.1,"",-2.5,"",-.9,"",-3.0,"",.0,"9","",5,""
"251150060","CEBER","2001","03","21",2.7,"",-6.7,"",-2.4,"",-8.3,"",.0,"9","",0,"9"
"251150060","CEBER","2001","03","22",3.1,"",-3.0,"",.1,"",-4.0,"",1.6,"","S",0,"9"
"251150060","CEBER","2001","03","23",2.4,"",-.3,"",.9,"",-.6,"",6.9,"","W",0,"9"
"251150060","CEBER","2001","03","24",4.6,"",.0,"",1.9,"",-.2,"",3.6,"","W",0,"9"
"251150060","CEBER","2001","03","25",1.7,"",-1.4,"",.0,"",-1.0,"",18.2,"","S",0,"9"
"251150060","CEBER","2001","03","26",-.5,"",-3.3,"",-2.3,"",-2.0,"",5.2,"","S",14,""
"251150060","CEBER","2001","03","27",1.0,"",-16.6,"",-6.9,"",-19.5,"",.0,"9","",9,""
"251150060","CEBER","2001","03","28",3.5,"",-6.8,"",-1.4,"",-12.1,"",.0,"9","",8,""
"251150060","CEBER","2001","03","29",7.7,"",-2.4,"",2.3,"",-3.0,"",.0,"9","",0,"9"
"251150060","CEBER","2001","03","30",11.4,"",-1.4,"",4.6,"",-3.5,"",1.1,"","W",0,"9"
"251150060","CEBER","2001","03","31",13.8,"",4.5,"",8.4,"",3.6,"",.0,"9","",0,"9"
"251150080","GRABIK","2001","03","01",6.1,"",-2.5,"",1.2,"",-8.5,"",.0,"9","",0,""
"251150080","GRABIK","2001","03","02",2.8,"",-.2,"",1.1,"",-5.6,"",.0,"9","",0,""
"251150080","GRABIK","2001","03","03",1.6,"",-2.2,"",-.4,"",-5.6,"",.3,"","S",0,""
"251150080","GRABIK","2001","03","04",1.4,"",-.1,"",.6,"",-.9,"",7.8,"","S",2,""
"251150080","GRABIK","2001","03","05",1.2,"",.0,"",.6,"",-1.2,"",.0,"","S",3,""
"251150080","GRABIK","2001","03","06",2.2,"",-6.4,"",-2.3,"",-10.4,"",.0,"9","",2,""
"251150080","GRABIK","2001","03","07",8.2,"",-5.5,"",.2,"",-9.7,"",.0,"9","",0,"9"
"251150080","GRABIK","2001","03","08",11.6,"",.6,"",6.0,"",-2.4,"",.0,"9","",0,"9"
"251150080","GRABIK","2001","03","09",10.1,"",2.4,"",6.2,"",-.5,"",5.9,"","W",0,"9"
"251150080","GRABIK","2001","03","10",13.9,"",5.3,"",8.7,"",3.0,"",2.1,"","W",0,"9"
"251150080","GRABIK","2001","03","11",12.4,"",7.3,"",9.4,"",5.2,"",.0,"","W",0,"9"
"251150080","GRABIK","2001","03","12",16.7,"",6.6,"",10.8,"",1.0,"",14.4,"","W",0,"9"
"251150080","GRABIK","2001","03","13",10.2,"",5.3,"",7.4,"",1.3,"",1.6,"","W",0,"9"
"251150080","GRABIK","2001","03","14",8.2,"",2.8,"",5.1,"",-1.7,"",1.1,"","W",0,"9"
"251150080","GRABIK","2001","03","15",7.9,"",2.2,"",4.1,"",-.3,"",2.0,"","W",0,"9"
"251150080","GRABIK","2001","03","16",8.0,"",.4,"",4.4,"",-3.2,"",.0,"9","",0,"9"
"251150080","GRABIK","2001","03","17",6.2,"",.2,"",2.5,"",-.3,"",7.8,"","S",0,"9"
"251150080","GRABIK","2001","03","18",1.4,"",.2,"",.8,"",-.9,"",4.1,"","S",0,""
"251150080","GRABIK","2001","03","19",7.5,"",1.0,"",3.6,"",.0,"",6.8,"","S",0,"9"
"251150080","GRABIK","2001","03","20",1.0,"",-3.3,"",-1.7,"",-5.9,"",.0,"9","",4,""
"251150080","GRABIK","2001","03","21",1.6,"",-7.6,"",-2.9,"",-13.4,"",.0,"9","",0,"9"
"251150080","GRABIK","2001","03","22",1.6,"",-2.5,"",-.3,"",-3.6,"",.3,"","W",0,"9"
"251150080","GRABIK","2001","03","23",2.0,"",.0,"",.6,"",-.8,"",7.1,"","W",0,"9"
"251150080","GRABIK","2001","03","24",6.4,"",-.1,"",2.2,"",-.9,"",4.6,"","W",0,"9"
"251150080","GRABIK","2001","03","25",1.2,"",-1.0,"",-.2,"",-.8,"",13.8,"","S",0,"9"
"251150080","GRABIK","2001","03","26",-.9,"",-3.1,"",-2.2,"",-3.3,"",3.0,"","S",12,""
"251150080","GRABIK","2001","03","27",-1.6,"",-8.4,"",-5.0,"",-10.2,"",.0,"9","",12,""
"251150080","GRABIK","2001","03","28",2.8,"",-4.6,"",-1.2,"",-7.1,"",.0,"9","",6,""
"251150080","GRABIK","2001","03","29",7.2,"",-2.5,"",1.8,"",-4.2,"",.0,"9","",2,""
"251150080","GRABIK","2001","03","30",10.0,"",-.6,"",4.6,"",-3.8,"",.0,"9","",0,"9"
"251150080","GRABIK","2001","03","31",12.8,"",4.1,"",7.8,"",1.0,"",.0,"9","",0,"9"
"251150180","TOMASZÓW BOLES£AWIECKI","2001","03","01",6.8,"",-3.4,"",.3,"",-7.9,"",.0,"9","",2,""
"251150180","TOMASZÓW BOLES£AWIECKI","2001","03","02",4.9,"",-2.4,"",.8,"",-7.3,"",.0,"9","",0,"9"
"251150180","TOMASZÓW BOLES£AWIECKI","2001","03","03",1.9,"",-2.1,"",-.2,"",-6.3,"",.6,"","S",0,"9"
"251150180","TOMASZÓW BOLES£AWIECKI","2001","03","04",5.1,"",-.5,"",2.1,"",-4.1,"",10.0,"","S",3,""
"251150180","TOMASZÓW BOLES£AWIECKI","2001","03","05",4.3,"",-.3,"",1.1,"",-4.1,"",1.2,"","S",10,""
"251150180","TOMASZÓW BOLES£AWIECKI","2001","03","06",.5,"",-10.2,"",-5.8,"",-16.5,"",.0,"9","",5,""
"251150180","TOMASZÓW BOLES£AWIECKI","2001","03","07",6.3,"",-13.3,"",-4.5,"",-17.0,"",.0,"9","",4,""
"251150180","TOMASZÓW BOLES£AWIECKI","2001","03","08",8.0,"",-2.9,"",2.0,"",-9.2,"",.0,"9","",1,""
"251150180","TOMASZÓW BOLES£AWIECKI","2001","03","09",9.3,"",.3,"",4.2,"",-4.5,"",1.0,"","W",0,"9"
"251150180","TOMASZÓW BOLES£AWIECKI","2001","03","10",14.0,"",2.6,"",7.4,"",-2.9,"",.0,"9","",0,"9"
"251150180","TOMASZÓW BOLES£AWIECKI","2001","03","11",14.8,"",7.1,"",9.8,"",.5,"",2.5,"","W",0,"9"
"251150180","TOMASZÓW BOLES£AWIECKI","2001","03","12",16.8,"",4.3,"",10.8,"",-1.4,"",11.8,"","W",0,"9"
"251150180","TOMASZÓW BOLES£AWIECKI","2001","03","13",12.2,"",6.8,"",8.5,"",2.0,"",2.3,"","W",0,"9"
"251150180","TOMASZÓW BOLES£AWIECKI","2001","03","14",9.2,"",2.1,"",5.1,"",-5.6,"",.3,"","W",0,"9"
"251150180","TOMASZÓW BOLES£AWIECKI","2001","03","15",7.8,"",2.7,"",4.1,"",-1.5,"",3.3,"","W",0,"9"
"251150180","TOMASZÓW BOLES£AWIECKI","2001","03","16",10.0,"",-.4,"",4.3,"",-5.3,"",.0,"9","",0,"9"
"251150180","TOMASZÓW BOLES£AWIECKI","2001","03","17",7.4,"",.2,"",2.7,"",-3.1,"",14.8,"","S",0,"9"
"251150180","TOMASZÓW BOLES£AWIECKI","2001","03","18",1.3,"",.2,"",.6,"",-.2,"",1.9,"","S",6,""
"251150180","TOMASZÓW BOLES£AWIECKI","2001","03","19",12.3,"",.2,"",4.5,"",-.5,"",2.7,"","S",0,"9"
"251150180","TOMASZÓW BOLES£AWIECKI","2001","03","20",1.7,"",-2.3,"",-1.0,"",-3.1,"",.1,"","S",1,""
"251150180","TOMASZÓW BOLES£AWIECKI","2001","03","21",.9,"",-7.0,"",-3.3,"",-12.5,"",.0,"9","",0,"9"
"251150180","TOMASZÓW BOLES£AWIECKI","2001","03","22",3.9,"",-1.4,"",1.1,"",-3.6,"",1.2,"","W",0,"9"
"251150180","TOMASZÓW BOLES£AWIECKI","2001","03","23",3.9,"",.3,"",1.4,"",-1.5,"",6.2,"","S",0,"9"
"251150180","TOMASZÓW BOLES£AWIECKI","2001","03","24",9.2,"",.3,"",3.4,"",-.5,"",7.4,"","W",0,"9"
"251150180","TOMASZÓW BOLES£AWIECKI","2001","03","25",3.5,"",.0,"",1.0,"",-.2,"",10.2,"","S",0,"9"
"251150180","TOMASZÓW BOLES£AWIECKI","2001","03","26",.9,"",-4.4,"",-2.5,"",-7.2,"",4.5,"","S",9,""
"251150180","TOMASZÓW BOLES£AWIECKI","2001","03","27",-.9,"",-10.2,"",-5.4,"",-15.0,"",.0,"9","",10,""
"251150180","TOMASZÓW BOLES£AWIECKI","2001","03","28",2.9,"",-4.0,"",-1.3,"",-7.2,"",.0,"9","",5,""
"251150180","TOMASZÓW BOLES£AWIECKI","2001","03","29",7.8,"",-2.3,"",1.6,"",-7.2,"",.0,"9","",1,""
"251150180","TOMASZÓW BOLES£AWIECKI","2001","03","30",10.5,"",-2.9,"",3.6,"",-7.8,"",.9,"","W",0,"9"
"251150180","TOMASZÓW BOLES£AWIECKI","2001","03","31",13.3,"",1.6,"",6.9,"",-1.2,"",.0,"9","",0,"9"
"251150250","ZGORZELEC","2001","03","01",5.9,"",-.4,"",2.4,"",-4.8,"",.0,"9","",1,""
"251150250","ZGORZELEC","2001","03","02",5.2,"",-1.5,"",1.2,"",-5.6,"",.0,"","S",0,"9"
"251150250","ZGORZELEC","2001","03","03",1.4,"",-4.5,"",-1.4,"",-7.7,"",3.4,"","S",0,"9"
"251150250","ZGORZELEC","2001","03","04",4.1,"",-.8,"",1.8,"",-1.9,"",9.9,"","S",4,""
"251150250","ZGORZELEC","2001","03","05",4.2,"",-.8,"",1.0,"",-1.9,"",.5,"","S",6,""
"251150250","ZGORZELEC","2001","03","06",3.1,"",-9.5,"",-4.1,"",-11.0,"",.0,"9","",4,""
"251150250","ZGORZELEC","2001","03","07",8.5,"",-5.5,"",1.1,"",-9.6,"",.0,"9","",0,"9"
"251150250","ZGORZELEC","2001","03","08",11.1,"",3.6,"",6.5,"",.5,"",.0,"","W",0,"9"
"251150250","ZGORZELEC","2001","03","09",8.8,"",3.8,"",6.3,"",.5,"",3.8,"","W",0,"9"
"251150250","ZGORZELEC","2001","03","10",13.7,"",5.1,"",9.2,"",2.6,"",.4,"","W",0,"9"
"251150250","ZGORZELEC","2001","03","11",13.9,"",7.7,"",10.3,"",5.1,"",1.4,"","W",0,"9"
"251150250","ZGORZELEC","2001","03","12",15.7,"",7.6,"",11.4,"",2.8,"",19.7,"","W",0,"9"
"251150250","ZGORZELEC","2001","03","13",12.2,"",7.4,"",8.9,"",3.7,"",.2,"","W",0,"9"
"251150250","ZGORZELEC","2001","03","14",8.8,"",3.6,"",5.8,"",.0,"",.0,"9","",0,"9"
"251150250","ZGORZELEC","2001","03","15",7.0,"",.8,"",3.3,"",-2.9,"",3.2,"","W",0,"9"
"251150250","ZGORZELEC","2001","03","16",7.7,"",-.6,"",3.7,"",-4.3,"",.1,"","W",0,"9"
"251150250","ZGORZELEC","2001","03","17",6.2,"",1.3,"",3.1,"",-.5,"",11.6,"","W",0,"9"
"251150250","ZGORZELEC","2001","03","18",6.2,"",.0,"",3.0,"",-1.4,"",2.0,"","W",0,"9"
"251150250","ZGORZELEC","2001","03","19",12.2,"",.5,"",5.3,"",-1.4,"",2.2,"","S",0,"9"
"251150250","ZGORZELEC","2001","03","20",1.2,"",-2.9,"",-1.1,"",-5.3,"",.0,"","S",2,""
"251150250","ZGORZELEC","2001","03","21",1.1,"",-7.0,"",-2.7,"",-10.0,"",.0,"9","",0,"9"
"251150250","ZGORZELEC","2001","03","22",4.3,"",-1.6,"",1.5,"",-4.7,"",2.3,"","W",0,"9"
"251150250","ZGORZELEC","2001","03","23",4.6,"",.6,"",2.1,"",-1.4,"",9.0,"","S",0,"9"
"251150250","ZGORZELEC","2001","03","24",11.4,"",.5,"",6.1,"",-1.4,"",10.8,"","W",0,"9"
"251150250","ZGORZELEC","2001","03","25",6.6,"",.6,"",2.3,"",-1.0,"",9.2,"","S",0,"9"
"251150250","ZGORZELEC","2001","03","26",1.2,"",-3.6,"",-2.1,"",-5.6,"",1.0,"","S",2,""
"251150250","ZGORZELEC","2001","03","27",.0,"",-9.2,"",-4.3,"",-14.7,"",.0,"9","",7,""
"251150250","ZGORZELEC","2001","03","28",4.2,"",-3.0,"",-.2,"",-4.7,"",.0,"9","",0,"9"
"251150250","ZGORZELEC","2001","03","29",9.4,"",-3.5,"",2.0,"",-6.7,"",.0,"9","",0,"9"
"251150250","ZGORZELEC","2001","03","30",8.2,"",-1.0,"",3.8,"",-4.5,"",.4,"","W",0,"9"
"251150250","ZGORZELEC","2001","03","31",13.2,"",3.7,"",7.7,"",1.0,"",.0,"9","",0,"9"
"251160150","POLKOWICE DOLNE","2001","03","01",7.3,"",-.4,"",2.4,"",-3.5,"",.0,"","W",0,"9"
"251160150","POLKOWICE DOLNE","2001","03","02",4.8,"",-2.5,"",.8,"",-6.1,"",.1,"","S",0,"9"
"251160150","POLKOWICE DOLNE","2001","03","03",1.8,"",-2.5,"",-.3,"",-6.0,"",1.8,"","S",0,""
"251160150","POLKOWICE DOLNE","2001","03","04",2.4,"",-1.0,"",.7,"",-2.6,"",5.1,"","S",1,""
"251160150","POLKOWICE DOLNE","2001","03","05",3.0,"",-.1,"",.8,"",-2.7,"",2.0,"","S",7,""
"251160150","POLKOWICE DOLNE","2001","03","06",1.6,"",-9.2,"",-3.4,"",-12.5,"",.0,"9","",7,""
"251160150","POLKOWICE DOLNE","2001","03","07",8.1,"",-6.5,"",1.3,"",-13.6,"",.0,"9","",5,""
"251160150","POLKOWICE DOLNE","2001","03","08",9.9,"",1.9,"",5.7,"",-2.0,"",.0,"9","",0,"9"
"251160150","POLKOWICE DOLNE","2001","03","09",8.9,"",1.9,"",5.2,"",-1.4,"",1.5,"","W",0,"9"
"251160150","POLKOWICE DOLNE","2001","03","10",14.6,"",3.8,"",8.5,"",-1.6,"",.0,"9","",0,"9"
"251160150","POLKOWICE DOLNE","2001","03","11",13.0,"",6.4,"",9.5,"",2.5,"",1.2,"","W",0,"9"
"251160150","POLKOWICE DOLNE","2001","03","12",17.5,"",4.9,"",10.7,"",-.5,"",15.5,"","W",0,"9"
"251160150","POLKOWICE DOLNE","2001","03","13",12.5,"",5.9,"",8.3,"",1.2,"",2.2,"","W",0,"9"
"251160150","POLKOWICE DOLNE","2001","03","14",9.4,"",2.5,"",5.3,"",-2.0,"",.4,"","W",0,"9"
"251160150","POLKOWICE DOLNE","2001","03","15",8.4,"",2.5,"",4.6,"",-.5,"",2.1,"","W",0,"9"
"251160150","POLKOWICE DOLNE","2001","03","16",10.4,"",-.5,"",4.3,"",-4.6,"",.0,"9","",0,"9"
"251160150","POLKOWICE DOLNE","2001","03","17",6.3,"",1.0,"",2.8,"",-1.6,"",12.4,"","S",0,"9"
"251160150","POLKOWICE DOLNE","2001","03","18",2.3,"",-.5,"",.9,"",-2.1,"",2.0,"","S",3,""
"251160150","POLKOWICE DOLNE","2001","03","19",11.8,"",.0,"",4.1,"",-1.6,"",9.2,"","S",0,"9"
"251160150","POLKOWICE DOLNE","2001","03","20",.8,"",-2.9,"",-1.6,"",-6.7,"",1.5,"","S",7,""
"251160150","POLKOWICE DOLNE","2001","03","21",1.8,"",-7.0,"",-3.1,"",-10.9,"",.0,"9","",3,""
"251160150","POLKOWICE DOLNE","2001","03","22",3.9,"",-2.9,"",.6,"",-5.4,"",2.0,"","S",0,"9"
"251160150","POLKOWICE DOLNE","2001","03","23",3.3,"",-.5,"",1.0,"",-2.4,"",8.1,"","S",0,""
"251160150","POLKOWICE DOLNE","2001","03","24",6.7,"",.0,"",2.5,"",-2.0,"",3.1,"","W",0,""
"251160150","POLKOWICE DOLNE","2001","03","25",2.2,"",-1.0,"",.1,"",-3.0,"",8.1,"","S",0,"9"
"251160150","POLKOWICE DOLNE","2001","03","26",-.2,"",-3.5,"",-2.4,"",-5.6,"",3.0,"","S",10,""
"251160150","POLKOWICE DOLNE","2001","03","27",.0,"",-8.5,"",-4.2,"",-15.4,"",.0,"9","",15,""
"251160150","POLKOWICE DOLNE","2001","03","28",3.4,"",-4.6,"",-.6,"",-9.8,"",.0,"9","",14,""
"251160150","POLKOWICE DOLNE","2001","03","29",7.8,"",-2.7,"",2.2,"",-6.0,"",.0,"9","",7,""
"251160150","POLKOWICE DOLNE","2001","03","30",11.1,"",-1.6,"",4.3,"",-4.4,"",1.0,"","W",0,"9"
"251160150","POLKOWICE DOLNE","2001","03","31",12.3,"",3.9,"",7.8,"",1.6,"",.0,"","W",0,"9"
"251160170","CHWA£KOWICE","2001","03","01",7.8,"",-1.4,"",2.3,"",-7.5,"",.0,"","S",0,"9"
"251160170","CHWA£KOWICE","2001","03","02",4.1,"",-1.0,"",1.2,"",-5.5,"",.0,"","S",0,""
"251160170","CHWA£KOWICE","2001","03","03",1.8,"",-2.0,"",-.4,"",-8.4,"",.3,"","S",0,"9"
"251160170","CHWA£KOWICE","2001","03","04",2.8,"",-1.0,"",1.0,"",-1.8,"",11.3,"","S",0,""
"251160170","CHWA£KOWICE","2001","03","05",2.5,"",-.2,"",.6,"",-2.2,"",2.2,"","S",10,""
"251160170","CHWA£KOWICE","2001","03","06",2.5,"",-6.9,"",-2.6,"",-12.0,"",.0,"9","",5,""
"251160170","CHWA£KOWICE","2001","03","07",8.2,"",-4.9,"",1.3,"",-12.4,"",.1,"","W",2,""
"251160170","CHWA£KOWICE","2001","03","08",9.3,"",3.0,"",5.8,"",-1.2,"",.0,"9","",0,"9"
"251160170","CHWA£KOWICE","2001","03","09",7.8,"",2.0,"",4.7,"",-2.5,"",.8,"","W",0,"9"
"251160170","CHWA£KOWICE","2001","03","10",14.0,"",5.3,"",8.8,"",1.5,"",.0,"9","",0,"9"
"251160170","CHWA£KOWICE","2001","03","11",11.6,"",6.2,"",9.0,"",3.6,"",.6,"","W",0,"9"
"251160170","CHWA£KOWICE","2001","03","12",16.5,"",7.2,"",11.2,"",3.2,"",8.2,"","W",0,"9"
"251160170","CHWA£KOWICE","2001","03","13",12.9,"",5.0,"",7.9,"",.3,"",3.9,"","W",0,"9"
"251160170","CHWA£KOWICE","2001","03","14",9.4,"",3.6,"",5.6,"",.2,"",.3,"","W",0,"9"
"251160170","CHWA£KOWICE","2001","03","15",8.1,"",3.0,"",4.4,"",.9,"",2.8,"","W",0,"9"
"251160170","CHWA£KOWICE","2001","03","16",10.1,"",.9,"",4.5,"",-2.2,"",.1,"","W",0,"9"
"251160170","CHWA£KOWICE","2001","03","17",6.4,"",.0,"",2.2,"",-1.2,"",13.2,"","S",0,"9"
"251160170","CHWA£KOWICE","2001","03","18",2.1,"",.0,"",.8,"",-4.2,"",2.8,"","S",5,""
"251160170","CHWA£KOWICE","2001","03","19",12.5,"",.9,"",4.5,"",-.4,"",2.2,"","S",0,"9"
"251160170","CHWA£KOWICE","2001","03","20",1.9,"",-2.5,"",-1.2,"",-6.9,"",1.7,"","S",3,""
"251160170","CHWA£KOWICE","2001","03","21",1.7,"",-5.5,"",-2.3,"",-10.2,"",.0,"9","",0,"9"
"251160170","CHWA£KOWICE","2001","03","22",3.9,"",-4.0,"",.2,"",-7.3,"",.8,"","S",0,"9"
"251160170","CHWA£KOWICE","2001","03","23",2.9,"",.0,"",.9,"",-1.9,"",6.5,"","S",0,""
"251160170","CHWA£KOWICE","2001","03","24",4.9,"",.1,"",1.9,"",-1.1,"",3.7,"","W",0,""
"251160170","CHWA£KOWICE","2001","03","25",1.8,"",-1.0,"",.0,"",-3.4,"",13.2,"","S",0,"9"
"251160170","CHWA£KOWICE","2001","03","26",-.9,"",-3.3,"",-2.6,"",-4.0,"",3.4,"","S",10,""
"251160170","CHWA£KOWICE","2001","03","27",.0,"",-9.0,"",-4.4,"",-11.6,"",.0,"9","",13,""
"251160170","CHWA£KOWICE","2001","03","28",2.6,"",-4.5,"",-1.2,"",-8.6,"",.0,"9","",5,""
"251160170","CHWA£KOWICE","2001","03","29",7.5,"",-2.5,"",2.2,"",-5.5,"",.0,"","W",0,"9"
"251160170","CHWA£KOWICE","2001","03","30",10.0,"",3.6,"",6.6,"",2.2,"",1.6,"","W",0,"9"
"251160170","CHWA£KOWICE","2001","03","31",12.6,"",5.0,"",8.2,"",1.9,"",.2,"","W",0,"9"
"251170030","WITASZYCE","2001","03","01",5.1,"",-1.5,"",1.2,"",-3.4,"",.0,"9","",0,"9"
"251170030","WITASZYCE","2001","03","02",5.0,"",-2.2,"",.9,"",-3.0,"",.0,"9","",0,"9"
"251170030","WITASZYCE","2001","03","03",1.0,"",-3.0,"",-.7,"",-4.9,"",1.5,"","S",0,"9"
"251170030","WITASZYCE","2001","03","04",1.0,"",-2.7,"",-.3,"",-4.4,"",3.0,"","S",0,""
"251170030","WITASZYCE","2001","03","05",2.0,"",-1.0,"",.3,"",-.5,"",3.5,"","S",4,""
"251170030","WITASZYCE","2001","03","06",1.5,"",-11.0,"",-5.1,"",-11.6,"",.0,"9","",4,""
"251170030","WITASZYCE","2001","03","07",6.5,"",-7.6,"",-.7,"",-9.2,"",.0,"9","",2,""
"251170030","WITASZYCE","2001","03","08",9.5,"",2.0,"",4.9,"",.5,"",.0,"9","",0,"9"
"251170030","WITASZYCE","2001","03","09",7.2,"",.0,"",4.1,"",-1.9,"",.0,"","W",0,"9"
"251170030","WITASZYCE","2001","03","10",14.5,"",3.1,"",8.4,"",.7,"",.0,"9","",0,"9"
"251170030","WITASZYCE","2001","03","11",11.3,"",6.2,"",8.8,"",.7,"",.0,"9","",0,"9"
"251170030","WITASZYCE","2001","03","12",15.9,"",5.3,"",10.3,"",3.3,"",16.5,"","W",0,"9"
"251170030","WITASZYCE","2001","03","13",12.5,"",6.7,"",8.6,"",6.7,"",3.4,"","W",0,"9"
"251170030","WITASZYCE","2001","03","14",8.5,"",2.9,"",5.0,"",1.8,"",3.0,"","W",0,"9"
"251170030","WITASZYCE","2001","03","15",8.5,"",1.8,"",4.4,"",1.5,"",.5,"","W",0,"9"
"251170030","WITASZYCE","2001","03","16",10.0,"",-1.4,"",4.2,"",-1.7,"",.0,"9","",0,"9"
"251170030","WITASZYCE","2001","03","17",8.0,"",-.2,"",3.0,"",-1.7,"",2.5,"","S",0,"9"
"251170030","WITASZYCE","2001","03","18",4.2,"",-.5,"",1.7,"",-.1,"",.7,"","W",0,""
"251170030","WITASZYCE","2001","03","19",11.4,"",1.6,"",4.7,"",2.5,"",5.0,"","S",0,"9"
"251170030","WITASZYCE","2001","03","20",2.8,"",-1.8,"",-.1,"",-2.4,"",.5,"","S",0,""
"251170030","WITASZYCE","2001","03","21",1.8,"",-5.7,"",-2.2,"",-7.1,"",.0,"9","",0,""
"251170030","WITASZYCE","2001","03","22",2.8,"",-4.3,"",-.6,"",-5.8,"",1.0,"","S",0,"9"
"251170030","WITASZYCE","2001","03","23",2.3,"",-1.5,"",.4,"",-1.3,"",.2,"","S",0,""
"251170030","WITASZYCE","2001","03","24",1.8,"",-1.5,"",-.2,"",-1.9,"",3.2,"","S",0,""
"251170030","WITASZYCE","2001","03","25",.5,"",-1.6,"",-.7,"",-1.4,"",3.6,"","S",0,""
"251170030","WITASZYCE","2001","03","26",-.5,"",-4.0,"",-2.6,"",-3.9,"",.6,"","S",8,""
"251170030","WITASZYCE","2001","03","27",.6,"",-10.1,"",-5.2,"",-8.9,"",.0,"9","",10,""
"251170030","WITASZYCE","2001","03","28",2.8,"",-7.1,"",-2.2,"",-10.3,"",.0,"9","",4,""
"251170030","WITASZYCE","2001","03","29",6.0,"",-3.5,"",1.1,"",-4.3,"",.0,"9","",0,"9"
"251170030","WITASZYCE","2001","03","30",11.0,"",2.9,"",6.4,"",2.1,"",1.4,"","W",0,"9"
"251170030","WITASZYCE","2001","03","31",12.0,"",5.2,"",7.8,"",5.2,"",.8,"","W",0,"9"
"251170090","SMOLICE","2001","03","01",5.7,"",-.4,"",2.1,"",-5.0,"",.0,"9","",0,"9"
"251170090","SMOLICE","2001","03","02",4.3,"",-1.3,"",.7,"",-6.5,"",.2,"","S",0,"9"
"251170090","SMOLICE","2001","03","03",2.2,"",-1.0,"",.6,"",-5.9,"",.9,"","S",0,""
"251170090","SMOLICE","2001","03","04",1.8,"",-.2,"",.8,"",-2.8,"",5.0,"","S",0,""
"251170090","SMOLICE","2001","03","05",2.6,"",.2,"",.9,"",-3.2,"",3.6,"","S",2,""
"251170090","SMOLICE","2001","03","06",3.3,"",-6.1,"",-1.8,"",-10.2,"",.0,"9","",0,"9"
"251170090","SMOLICE","2001","03","07",8.9,"",-4.8,"",1.2,"",-10.0,"",.0,"9","",0,"9"
"251170090","SMOLICE","2001","03","08",9.9,"",1.4,"",5.1,"",-2.0,"",.0,"9","",0,"9"
"251170090","SMOLICE","2001","03","09",7.4,"",2.3,"",4.7,"",-2.0,"",.2,"","W",0,"9"
"251170090","SMOLICE","2001","03","10",15.1,"",3.8,"",9.0,"",.0,"",.0,"9","",0,"9"
"251170090","SMOLICE","2001","03","11",12.4,"",6.0,"",9.0,"",4.4,"",.1,"","W",0,"9"
"251170090","SMOLICE","2001","03","12",16.4,"",5.6,"",10.6,"",.5,"",9.7,"","W",0,"9"
"251170090","SMOLICE","2001","03","13",13.1,"",6.7,"",8.9,"",3.4,"",5.5,"","W",0,"9"
"251170090","SMOLICE","2001","03","14",9.1,"",3.4,"",5.6,"",.3,"",.8,"","W",0,"9"
"251170090","SMOLICE","2001","03","15",9.1,"",2.8,"",4.9,"",.0,"",.5,"","W",0,"9"
"251170090","SMOLICE","2001","03","16",9.9,"",-1.0,"",3.9,"",-2.7,"",.0,"9","",0,"9"
"251170090","SMOLICE","2001","03","17",6.6,"",2.2,"",3.6,"",.5,"",7.2,"","S",0,"9"
"251170090","SMOLICE","2001","03","18",3.8,"",.5,"",2.0,"",-1.0,"",.8,"","W",0,"9"
"251170090","SMOLICE","2001","03","19",12.4,"",2.0,"",5.2,"",-.3,"",1.7,"","S",0,"9"
"251170090","SMOLICE","2001","03","20",2.9,"",-1.2,"",-.1,"",-4.1,"",1.8,"","S",0,"9"
"251170090","SMOLICE","2001","03","21",2.8,"",-4.8,"",-1.9,"",-8.0,"",.0,"9","",0,"9"
"251170090","SMOLICE","2001","03","22",4.2,"",-3.4,"",.1,"",-6.5,"",.4,"","S",0,"9"
"251170090","SMOLICE","2001","03","23",2.3,"",-.3,"",.7,"",-1.7,"",3.8,"","S",0,"9"
"251170090","SMOLICE","2001","03","24",2.0,"",.0,"",.8,"",-1.5,"",4.4,"","S",0,"9"
"251170090","SMOLICE","2001","03","25",1.1,"",-.8,"",-.1,"",-2.5,"",8.4,"","S",0,"9"
"251170090","SMOLICE","2001","03","26",-.7,"",-3.0,"",-2.1,"",-3.5,"",3.8,"","S",8,""
"251170090","SMOLICE","2001","03","27",.3,"",-8.4,"",-4.4,"",-12.1,"",.0,"9","",17,""
"251170090","SMOLICE","2001","03","28",2.9,"",-4.7,"",-1.6,"",-9.5,"",.0,"9","",9,""
"251170090","SMOLICE","2001","03","29",7.3,"",-2.5,"",1.9,"",-5.5,"",.0,"9","",0,"9"
"251170090","SMOLICE","2001","03","30",10.8,"",3.5,"",6.6,"",1.2,"",2.2,"","W",0,"9"
"251170090","SMOLICE","2001","03","31",12.4,"",5.4,"",8.1,"",1.8,"",.2,"","W",0,"9"
"251170150","GRABOWNICA","2001","03","01",4.9,"",-.9,"",1.4,"",.0,"8",.0,"9","",0,"9"
"251170150","GRABOWNICA","2001","03","02",5.1,"",-2.6,"",.1,"",.0,"8",.0,"9","",0,"9"
"251170150","GRABOWNICA","2001","03","03",1.3,"",-3.3,"",-.4,"",.0,"8",1.0,"","S",0,"9"
"251170150","GRABOWNICA","2001","03","04",2.4,"",.0,"",1.3,"",.0,"8",2.9,"","S",0,""
"251170150","GRABOWNICA","2001","03","05",3.7,"",.0,"",1.1,"",.0,"8",2.9,"","S",1,""
"251170150","GRABOWNICA","2001","03","06",3.5,"",-3.3,"",-1.0,"",.0,"8",.0,"9","",1,""
"251170150","GRABOWNICA","2001","03","07",9.7,"",-5.9,"",.9,"",.0,"8",.0,"9","",0,""
"251170150","GRABOWNICA","2001","03","08",10.2,"",2.6,"",5.7,"",.0,"8",.0,"9","",0,"9"
"251170150","GRABOWNICA","2001","03","09",8.1,"",.4,"",4.4,"",.0,"8",.0,"9","",0,"9"
"251170150","GRABOWNICA","2001","03","10",15.2,"",4.4,"",9.3,"",.0,"8",.0,"9","",0,"9"
"251170150","GRABOWNICA","2001","03","11",11.9,"",6.1,"",8.8,"",.0,"8",.8,"","W",0,"9"
"251170150","GRABOWNICA","2001","03","12",17.0,"",6.0,"",11.4,"",.0,"8",1.0,"","W",0,"9"
"251170150","GRABOWNICA","2001","03","13",13.8,"",5.8,"",9.0,"",.0,"8",5.1,"","W",0,"9"
"251170150","GRABOWNICA","2001","03","14",9.4,"",2.7,"",5.5,"",.0,"8",2.9,"","W",0,"9"
"251170150","GRABOWNICA","2001","03","15",8.7,"",3.3,"",4.8,"",.0,"8",.2,"","W",0,"9"
"251170150","GRABOWNICA","2001","03","16",9.8,"",-1.7,"",3.6,"",.0,"8",.0,"9","",0,"9"
"251170150","GRABOWNICA","2001","03","17",6.8,"",.9,"",2.8,"",.0,"8",6.5,"","S",0,"9"
"251170150","GRABOWNICA","2001","03","18",3.2,"",.1,"",1.4,"",.0,"8",6.1,"","S",0,""
"251170150","GRABOWNICA","2001","03","19",12.8,"",.4,"",5.0,"",.0,"8",1.1,"","S",0,"9"
"251170150","GRABOWNICA","2001","03","20",3.0,"",-1.7,"",-.4,"",.0,"8",.0,"","S",1,""
"251170150","GRABOWNICA","2001","03","21",2.7,"",-5.8,"",-2.2,"",.0,"8",.0,"9","",0,"9"
"251170150","GRABOWNICA","2001","03","22",4.8,"",-4.1,"",.3,"",.0,"8",2.5,"","S",0,"9"
"251170150","GRABOWNICA","2001","03","23",2.6,"",-.1,"",.8,"",.0,"8",2.7,"","S",0,""
"251170150","GRABOWNICA","2001","03","24",3.2,"",.4,"",1.4,"",.0,"8",5.5,"","S",0,""
"251170150","GRABOWNICA","2001","03","25",1.5,"",-.3,"",.3,"",.0,"8",2.2,"","S",0,"9"
"251170150","GRABOWNICA","2001","03","26",-.3,"",-3.2,"",-2.3,"",.0,"8",2.0,"","S",10,""
"251170150","GRABOWNICA","2001","03","27",-.4,"",-12.7,"",-6.9,"",.0,"8",.0,"9","",12,""
"251170150","GRABOWNICA","2001","03","28",3.0,"",-7.3,"",-3.0,"",.0,"8",.0,"9","",10,""
"251170150","GRABOWNICA","2001","03","29",7.1,"",-2.3,"",2.2,"",.0,"8",.0,"9","",2,""
"251170150","GRABOWNICA","2001","03","30",11.5,"",4.2,"",7.3,"",.0,"8",1.9,"","W",0,"9"
"251170150","GRABOWNICA","2001","03","31",11.4,"",6.0,"",7.7,"",.0,"8",.0,"","W",0,"9"
"251170290","NAMYS£ÓW","2001","03","01",4.3,"",-1.9,"",.8,"",-4.1,"",.0,"9","",0,"9"
"251170290","NAMYS£ÓW","2001","03","02",5.8,"",-4.4,"",.6,"",-9.3,"",.1,"","S",0,"9"
"251170290","NAMYS£ÓW","2001","03","03",2.5,"",-2.0,"",.6,"",-8.2,"",.3,"","S",0,""
"251170290","NAMYS£ÓW","2001","03","04",1.5,"",.2,"",.7,"",-1.1,"",1.3,"","S",0,"9"
"251170290","NAMYS£ÓW","2001","03","05",1.4,"",.0,"",.5,"",-1.9,"",2.6,"","W",0,"9"
"251170290","NAMYS£ÓW","2001","03","06",.6,"",-3.6,"",-2.2,"",-7.2,"",.0,"9","",0,"9"
"251170290","NAMYS£ÓW","2001","03","07",9.0,"",-5.2,"",.8,"",-6.9,"",.0,"9","",0,"9"
"251170290","NAMYS£ÓW","2001","03","08",8.5,"",2.2,"",4.7,"",.5,"",.0,"9","",0,"9"
"251170290","NAMYS£ÓW","2001","03","09",9.8,"",2.5,"",5.2,"",.5,"",.0,"9","",0,"9"
"251170290","NAMYS£ÓW","2001","03","10",15.3,"",2.7,"",7.6,"",.5,"",.0,"9","",0,"9"
"251170290","NAMYS£ÓW","2001","03","11",12.2,"",3.3,"",6.7,"",1.3,"",.0,"9","",0,"9"
"251170290","NAMYS£ÓW","2001","03","12",13.0,"",2.0,"",7.1,"",1.1,"",.3,"","W",0,"9"
"251170290","NAMYS£ÓW","2001","03","13",10.6,"",5.3,"",7.5,"",4.7,"",2.7,"","W",0,"9"
"251170290","NAMYS£ÓW","2001","03","14",9.9,"",4.7,"",6.2,"",1.1,"",.0,"9","",0,"9"
"251170290","NAMYS£ÓW","2001","03","15",6.8,"",3.3,"",4.6,"",-.9,"",4.7,"","W",0,"9"
"251170290","NAMYS£ÓW","2001","03","16",5.5,"",3.0,"",3.7,"",-1.4,"",.0,"9","",0,"9"
"251170290","NAMYS£ÓW","2001","03","17",7.9,"",2.2,"",4.2,"",-1.2,"",5.7,"","W",0,"9"
"251170290","NAMYS£ÓW","2001","03","18",5.2,"",3.3,"",4.1,"",-1.2,"",7.2,"","W",0,"9"
"251170290","NAMYS£ÓW","2001","03","19",12.0,"",2.0,"",5.4,"",1.6,"",5.7,"","S",0,"9"
"251170290","NAMYS£ÓW","2001","03","20",3.5,"",-1.3,"",.1,"",-4.1,"",2.8,"","S",1,""
"251170290","NAMYS£ÓW","2001","03","21",1.5,"",-7.0,"",-2.1,"",-9.3,"",.0,"9","",0,"9"
"251170290","NAMYS£ÓW","2001","03","22",6.0,"",-3.2,"",1.6,"",-6.7,"",.1,"","W",0,"9"
"251170290","NAMYS£ÓW","2001","03","23",4.1,"",1.2,"",2.0,"",.0,"",2.7,"","W",0,"9"
"251170290","NAMYS£ÓW","2001","03","24",10.0,"",.6,"",4.3,"",-.5,"",2.9,"","S",0,"9"
"251170290","NAMYS£ÓW","2001","03","25",4.5,"",.4,"",1.6,"",-.8,"",8.4,"","S",2,""
"251170290","NAMYS£ÓW","2001","03","26",.6,"",-3.3,"",-1.9,"",-3.8,"",3.2,"","S",2,""
"251170290","NAMYS£ÓW","2001","03","27",3.6,"",-8.0,"",-2.6,"",-12.6,"",.0,"9","",2,""
"251170290","NAMYS£ÓW","2001","03","28",4.8,"",-1.1,"",2.4,"",-4.6,"",.0,"9","",0,"9"
"251170290","NAMYS£ÓW","2001","03","29",7.0,"",-1.9,"",3.0,"",-5.7,"",.0,"9","",0,"9"
"251170290","NAMYS£ÓW","2001","03","30",12.6,"",4.1,"",6.8,"",1.9,"",.0,"9","",0,"9"
"251170290","NAMYS£ÓW","2001","03","31",9.6,"",5.6,"",7.2,"",3.7,"",.7,"","W",0,"9"
"251170320","JELCZ-LASKOWICE","2001","03","01",3.9,"",-2.2,"",1.0,"",-3.7,"",.0,"9","",0,"9"
"251170320","JELCZ-LASKOWICE","2001","03","02",7.4,"",.8,"",2.7,"",-5.5,"",.0,"9","",0,"9"
"251170320","JELCZ-LASKOWICE","2001","03","03",2.9,"",-2.7,"",.3,"",-4.5,"",.2,"","S",0,"9"
"251170320","JELCZ-LASKOWICE","2001","03","04",2.4,"",-.8,"",.7,"",.0,"",2.9,"","S",0,"9"
"251170320","JELCZ-LASKOWICE","2001","03","05",2.4,"",-.2,"",.7,"",.0,"",3.1,"","S",1,""
"251170320","JELCZ-LASKOWICE","2001","03","06",1.9,"",-3.7,"",-1.6,"",-4.0,"",.0,"9","",0,"9"
"251170320","JELCZ-LASKOWICE","2001","03","07",9.9,"",-5.2,"",1.1,"",-7.5,"",.0,"9","",0,"9"
"251170320","JELCZ-LASKOWICE","2001","03","08",10.9,"",3.2,"",5.9,"",1.0,"",.0,"9","",0,"9"
"251170320","JELCZ-LASKOWICE","2001","03","09",9.9,"",.8,"",4.3,"",-1.0,"",.0,"9","",0,"9"
"251170320","JELCZ-LASKOWICE","2001","03","10",15.9,"",4.4,"",8.4,"",1.0,"",.0,"9","",0,"9"
"251170320","JELCZ-LASKOWICE","2001","03","11",12.9,"",6.9,"",9.3,"",4.1,"",.2,"","W",0,"9"
"251170320","JELCZ-LASKOWICE","2001","03","12",16.9,"",6.9,"",11.3,"",3.0,"",.0,"9","",0,"9"
"251170320","JELCZ-LASKOWICE","2001","03","13",14.4,"",6.9,"",9.3,"",6.1,"",4.9,"","W",0,"9"
"251170320","JELCZ-LASKOWICE","2001","03","14",10.9,"",1.8,"",6.1,"",.0,"",.0,"9","",0,"9"
"251170320","JELCZ-LASKOWICE","2001","03","15",10.9,"",2.8,"",5.4,"",.0,"",3.6,"","W",0,"9"
"251170320","JELCZ-LASKOWICE","2001","03","16",9.9,"",-1.7,"",4.2,"",-2.5,"",.0,"9","",0,"9"
"251170320","JELCZ-LASKOWICE","2001","03","17",8.2,"",1.0,"",3.2,"",-1.0,"",17.3,"","S",0,"9"
"251170320","JELCZ-LASKOWICE","2001","03","18",4.4,"",.0,"",1.4,"",-1.0,"",2.7,"","W",3,""
"251170320","JELCZ-LASKOWICE","2001","03","19",15.4,"",1.0,"",5.8,"",.0,"",1.2,"","S",0,"9"
"251170320","JELCZ-LASKOWICE","2001","03","20",3.4,"",-1.7,"",-.3,"",-3.0,"",.2,"","S",2,""
"251170320","JELCZ-LASKOWICE","2001","03","21",2.4,"",-7.1,"",-2.4,"",-8.0,"",.0,"9","",2,""
"251170320","JELCZ-LASKOWICE","2001","03","22",6.4,"",-3.2,"",.8,"",-3.5,"",.0,"9","",0,"9"
"251170320","JELCZ-LASKOWICE","2001","03","23",4.4,"",1.3,"",2.3,"",1.5,"",3.8,"","S",0,"9"
"251170320","JELCZ-LASKOWICE","2001","03","24",12.9,"",.8,"",5.0,"",1.0,"",2.2,"","W",0,"9"
"251170320","JELCZ-LASKOWICE","2001","03","25",6.4,"",.4,"",2.2,"",-.5,"",10.2,"","S",0,"9"
"251170320","JELCZ-LASKOWICE","2001","03","26",.9,"",-2.7,"",-1.6,"",-3.3,"",3.1,"","S",3,""
"251170320","JELCZ-LASKOWICE","2001","03","27",1.4,"",-8.6,"",-3.8,"",-15.4,"",.0,"9","",4,""
"251170320","JELCZ-LASKOWICE","2001","03","28",5.9,"",-4.2,"",-.1,"",-4.0,"",.0,"9","",2,""
"251170320","JELCZ-LASKOWICE","2001","03","29",6.9,"",-2.7,"",2.3,"",-3.0,"",.0,"9","",0,"9"
"251170320","JELCZ-LASKOWICE","2001","03","30",12.7,"",4.4,"",8.0,"",4.1,"",2.5,"","W",0,"9"
"251170320","JELCZ-LASKOWICE","2001","03","31",11.9,"",5.4,"",7.3,"",3.8,"",2.2,"","W",0,"9"
"251180090","SIERADZ","2001","03","01",3.4,"",-2.6,"",.1,"",-5.6,"",.0,"9","",2,""
"251180090","SIERADZ","2001","03","02",4.9,"",-4.1,"",-.1,"",-8.1,"",.0,"9","",2,""
"251180090","SIERADZ","2001","03","03",1.0,"",-2.1,"",-.2,"",-6.6,"",2.6,"","S",0,"9"
"251180090","SIERADZ","2001","03","04",1.5,"",-.1,"",.7,"",-1.0,"",4.0,"","S",0,"9"
"251180090","SIERADZ","2001","03","05",1.5,"",-.1,"",.6,"",-1.0,"",.9,"","S",3,""
"251180090","SIERADZ","2001","03","06",2.9,"",-9.1,"",-4.0,"",-10.7,"",.0,"9","",2,""
"251180090","SIERADZ","2001","03","07",8.8,"",-6.6,"",.0,"",-9.7,"",.0,"9","",2,""
"251180090","SIERADZ","2001","03","08",8.8,"",1.9,"",4.7,"",-2.0,"",.0,"9","",0,"9"
"251180090","SIERADZ","2001","03","09",10.2,"",1.4,"",5.3,"",.0,"",.0,"9","",0,"9"
"251180090","SIERADZ","2001","03","10",14.8,"",3.4,"",8.2,"",1.0,"",.0,"9","",0,"9"
"251180090","SIERADZ","2001","03","11",13.8,"",5.8,"",8.8,"",3.6,"",.1,"","W",0,"9"
"251180090","SIERADZ","2001","03","12",15.8,"",4.8,"",10.0,"",2.0,"",.0,"9","",0,"9"
"251180090","SIERADZ","2001","03","13",12.4,"",7.3,"",9.3,"",6.1,"",4.5,"","W",0,"9"
"251180090","SIERADZ","2001","03","14",8.0,"",2.4,"",5.1,"",.5,"",1.4,"","W",0,"9"
"251180090","SIERADZ","2001","03","15",9.3,"",1.4,"",4.1,"",-.5,"",3.9,"","W",0,"9"
"251180090","SIERADZ","2001","03","16",8.8,"",-.1,"",4.1,"",-1.5,"",.0,"9","",0,"9"
"251180090","SIERADZ","2001","03","17",7.2,"",-.1,"",3.3,"",1.0,"",7.4,"","S",0,"9"
"251180090","SIERADZ","2001","03","18",4.1,"",-.1,"",1.8,"",-.5,"",.6,"","S",2,""
"251180090","SIERADZ","2001","03","19",13.8,"",1.9,"",5.8,"",1.0,"",4.3,"","S",0,"9"
"251180090","SIERADZ","2001","03","20",4.4,"",-1.1,"",.7,"",-1.5,"",.1,"","S",1,""
"251180090","SIERADZ","2001","03","21",-.5,"",-4.1,"",-2.2,"",-7.1,"",.0,"9","",1,""
"251180090","SIERADZ","2001","03","22",4.4,"",-4.6,"",-.1,"",-8.1,"",2.8,"","S",0,"9"
"251180090","SIERADZ","2001","03","23",2.7,"",-.6,"",.8,"",-1.0,"",.0,"9","",3,""
"251180090","SIERADZ","2001","03","24",1.5,"",-.6,"",.7,"",-1.0,"",6.9,"","S",0,"9"
"251180090","SIERADZ","2001","03","25",1.5,"",-.6,"",.2,"",-1.5,"",8.6,"","S",0,"9"
"251180090","SIERADZ","2001","03","26",.0,"",-3.1,"",-2.3,"",-3.6,"",3.4,"","S",7,""
"251180090","SIERADZ","2001","03","27",.2,"",-16.0,"",-7.9,"",-22.1,"",.0,"9","",14,""
"251180090","SIERADZ","2001","03","28",2.7,"",-5.6,"",-1.8,"",-9.7,"",.0,"9","",7,""
"251180090","SIERADZ","2001","03","29",5.4,"",-3.6,"",.8,"",-5.1,"",.0,"9","",3,""
"251180090","SIERADZ","2001","03","30",12.8,"",2.4,"",7.0,"",2.0,"",.0,"9","",0,"9"
"251180090","SIERADZ","2001","03","31",10.0,"",3.4,"",6.1,"",1.5,"",1.6,"","W",0,"9"
"251190050","PUCZNIEW","2001","03","01",3.2,"",-2.1,"",-.1,"",-3.6,"",.0,"9","",1,""
"251190050","PUCZNIEW","2001","03","02",5.5,"",-3.2,"",.1,"",-6.0,"",.1,"","S",0,"9"
"251190050","PUCZNIEW","2001","03","03",.8,"",-2.3,"",-.5,"",-5.2,"",.9,"","S",0,"9"
"251190050","PUCZNIEW","2001","03","04",1.2,"",-.5,"",.5,"",-1.2,"",3.8,"","S",0,"9"
"251190050","PUCZNIEW","2001","03","05",3.0,"",-.2,"",.7,"",-1.4,"",.8,"","S",0,"9"
"251190050","PUCZNIEW","2001","03","06",4.4,"",-7.5,"",-3.0,"",-9.6,"",.0,"9","",0,"9"
"251190050","PUCZNIEW","2001","03","07",9.4,"",-5.1,"",.7,"",-7.4,"",.0,"9","",0,"9"
"251190050","PUCZNIEW","2001","03","08",9.2,"",1.2,"",5.0,"",-2.7,"",.0,"9","",0,"9"
"251190050","PUCZNIEW","2001","03","09",10.4,"",1.0,"",5.1,"",-2.2,"",.0,"9","",0,"9"
"251190050","PUCZNIEW","2001","03","10",15.1,"",4.1,"",8.5,"",.5,"",.0,"9","",0,"9"
"251190050","PUCZNIEW","2001","03","11",12.7,"",5.4,"",8.5,"",1.3,"",.0,"9","",0,"9"
"251190050","PUCZNIEW","2001","03","12",15.8,"",5.3,"",10.1,"",1.7,"",.2,"","W",0,"9"
"251190050","PUCZNIEW","2001","03","13",12.6,"",6.9,"",8.9,"",4.7,"",4.0,"","W",0,"9"
"251190050","PUCZNIEW","2001","03","14",8.8,"",2.0,"",4.4,"",-1.1,"",2.9,"","W",0,"9"
"251190050","PUCZNIEW","2001","03","15",6.6,"",2.0,"",3.7,"",-.4,"",1.0,"","W",0,"9"
"251190050","PUCZNIEW","2001","03","16",8.4,"",.0,"",4.1,"",-3.2,"",.0,"9","",0,"9"
"251190050","PUCZNIEW","2001","03","17",6.9,"",.6,"",2.9,"",-2.0,"",4.2,"","S",0,"9"
"251190050","PUCZNIEW","2001","03","18",4.4,"",.1,"",1.7,"",-1.2,"",.7,"","S",1,""
"251190050","PUCZNIEW","2001","03","19",12.8,"",1.6,"",5.3,"",-.7,"",7.1,"","S",0,"9"
"251190050","PUCZNIEW","2001","03","20",4.7,"",-1.4,"",.4,"",-2.5,"",.4,"","S",2,""
"251190050","PUCZNIEW","2001","03","21",.9,"",-5.3,"",-2.8,"",-8.2,"",.0,"9","",0,"9"
"251190050","PUCZNIEW","2001","03","22",3.1,"",-6.7,"",-1.5,"",-9.1,"",2.1,"","S",0,"9"
"251190050","PUCZNIEW","2001","03","23",2.7,"",-1.3,"",.2,"",-2.7,"",.3,"","S",2,""
"251190050","PUCZNIEW","2001","03","24",1.4,"",-.5,"",.4,"",-2.2,"",7.1,"","S",0,"9"
"251190050","PUCZNIEW","2001","03","25",1.0,"",-.7,"",-.3,"",-2.1,"",4.8,"","S",0,""
"251190050","PUCZNIEW","2001","03","26",-.7,"",-3.4,"",-2.7,"",-4.8,"",2.8,"","S",3,""
"251190050","PUCZNIEW","2001","03","27",.2,"",-13.1,"",-6.3,"",-18.4,"",.0,"9","",6,""
"251190050","PUCZNIEW","2001","03","28",3.2,"",-6.2,"",-1.8,"",-10.1,"",.0,"9","",2,""
"251190050","PUCZNIEW","2001","03","29",6.6,"",-3.8,"",1.2,"",-6.2,"",.0,"9","",0,"9"
"251190050","PUCZNIEW","2001","03","30",10.8,"",1.9,"",5.8,"",.5,"",.0,"9","",0,"9"
"251190050","PUCZNIEW","2001","03","31",9.1,"",2.6,"",5.2,"",.0,"",.0,"9","",0,"9"
"251200030","SKIERNIEWICE","2001","03","01",3.9,"",-3.4,"",-.1,"",-6.5,"",.0,"9","",0,"9"
"251200030","SKIERNIEWICE","2001","03","02",5.5,"",-2.0,"",.9,"",-6.4,"",.0,"","W",0,"9"
"251200030","SKIERNIEWICE","2001","03","03",2.2,"",-2.7,"",-.4,"",-6.2,"",1.7,"","S",0,"9"
"251200030","SKIERNIEWICE","2001","03","04",1.5,"",.0,"",.7,"",-1.6,"",5.9,"","S",0,"9"
"251200030","SKIERNIEWICE","2001","03","05",1.2,"",-.8,"",.2,"",-3.4,"",.2,"","S",0,"9"
"251200030","SKIERNIEWICE","2001","03","06",5.1,"",-5.4,"",-1.3,"",-9.2,"",.0,"9","",0,"9"
"251200030","SKIERNIEWICE","2001","03","07",8.7,"",-5.2,"",.8,"",-8.5,"",.0,"9","",0,"9"
"251200030","SKIERNIEWICE","2001","03","08",7.9,"",-.9,"",3.5,"",-5.2,"",.0,"9","",0,"9"
"251200030","SKIERNIEWICE","2001","03","09",11.8,"",-.9,"",5.4,"",-2.2,"",.0,"9","",0,"9"
"251200030","SKIERNIEWICE","2001","03","10",14.5,"",5.1,"",9.2,"",2.8,"",.0,"9","",0,"9"
"251200030","SKIERNIEWICE","2001","03","11",12.9,"",6.0,"",9.0,"",3.5,"",.0,"9","",0,"9"
"251200030","SKIERNIEWICE","2001","03","12",16.3,"",6.5,"",10.7,"",3.9,"",.0,"9","",0,"9"
"251200030","SKIERNIEWICE","2001","03","13",13.9,"",7.2,"",9.6,"",5.3,"",3.4,"","W",0,"9"
"251200030","SKIERNIEWICE","2001","03","14",8.9,"",3.3,"",5.6,"",-.1,"",.0,"","W",0,"9"
"251200030","SKIERNIEWICE","2001","03","15",7.3,"",2.9,"",4.5,"",-.1,"",.8,"","W",0,"9"
"251200030","SKIERNIEWICE","2001","03","16",7.9,"",1.1,"",4.1,"",-2.8,"",.0,"9","",0,"9"
"251200030","SKIERNIEWICE","2001","03","17",5.9,"",-.4,"",2.2,"",-5.0,"",.1,"","S",0,"9"
"251200030","SKIERNIEWICE","2001","03","18",6.1,"",-.4,"",2.5,"",-.9,"",.0,"","W",0,"9"
"251200030","SKIERNIEWICE","2001","03","19",8.4,"",1.7,"",4.6,"",-.1,"",8.5,"","S",0,"9"
"251200030","SKIERNIEWICE","2001","03","20",6.3,"",-1.4,"",.9,"",-2.5,"",1.4,"","S",3,""
"251200030","SKIERNIEWICE","2001","03","21",.4,"",-3.8,"",-1.7,"",-7.0,"",.0,"9","",2,""
"251200030","SKIERNIEWICE","2001","03","22",3.3,"",-5.2,"",-1.0,"",-9.5,"",.0,"","S",0,"9"
"251200030","SKIERNIEWICE","2001","03","23",4.4,"",-1.2,"",1.1,"",-2.3,"",.0,"9","",0,""
"251200030","SKIERNIEWICE","2001","03","24",2.2,"",-1.7,"",.0,"",-2.4,"",5.8,"","S",0,"9"
"251200030","SKIERNIEWICE","2001","03","25",.6,"",-1.2,"",-.4,"",-2.5,"",4.5,"","S",7,""
"251200030","SKIERNIEWICE","2001","03","26",-.2,"",-3.8,"",-2.3,"",-4.8,"",1.2,"","S",16,""
"251200030","SKIERNIEWICE","2001","03","27",.2,"",-7.9,"",-3.9,"",-17.5,"",.0,"9","",19,""
"251200030","SKIERNIEWICE","2001","03","28",2.2,"",-7.0,"",-2.0,"",-14.6,"",.0,"9","",5,""
"251200030","SKIERNIEWICE","2001","03","29",4.3,"",-5.2,"",-.5,"",-8.7,"",.0,"9","",3,""
"251200030","SKIERNIEWICE","2001","03","30",10.6,"",.7,"",4.7,"",-1.3,"",.0,"9","",0,"9"
"251200030","SKIERNIEWICE","2001","03","31",9.2,"",.9,"",5.0,"",-1.3,"",.0,"9","",0,"9"
"251200150","£AZISKA","2001","03","01",4.7,"",-5.6,"",-.6,"",-7.2,"",2.3,"","W",0,""
"251200150","£AZISKA","2001","03","02",4.0,"",-3.1,"",.4,"",-4.7,"",.0,"9","",0,""
"251200150","£AZISKA","2001","03","03",1.8,"",-3.8,"",-.6,"",-4.6,"",2.0,"","S",0,"9"
"251200150","£AZISKA","2001","03","04",1.3,"",-.5,"",.8,"",-1.2,"",2.0,"","W",0,"9"
"251200150","£AZISKA","2001","03","05",1.8,"",-.5,"",.4,"",-1.5,"",1.0,"","S",0,"9"
"251200150","£AZISKA","2001","03","06",4.3,"",-7.7,"",-2.2,"",-9.2,"",.0,"9","",0,"9"
"251200150","£AZISKA","2001","03","07",9.5,"",-4.6,"",1.5,"",-7.0,"",.0,"9","",0,"9"
"251200150","£AZISKA","2001","03","08",9.0,"",-.4,"",3.7,"",-2.1,"",.0,"9","",0,"9"
"251200150","£AZISKA","2001","03","09",12.9,"",.6,"",6.3,"",-1.1,"",.0,"9","",0,"9"
"251200150","£AZISKA","2001","03","10",12.3,"",3.7,"",7.5,"",.8,"",.0,"9","",0,"9"
"251200150","£AZISKA","2001","03","11",12.9,"",4.1,"",8.6,"",2.6,"",.0,"9","",0,"9"
"251200150","£AZISKA","2001","03","12",17.1,"",6.2,"",10.7,"",4.0,"",.0,"9","",0,"9"
"251200150","£AZISKA","2001","03","13",13.9,"",7.2,"",9.2,"",5.8,"",2.6,"","W",0,"9"
"251200150","£AZISKA","2001","03","14",9.0,"",2.6,"",4.6,"",1.2,"",.0,"","W",0,"9"
"251200150","£AZISKA","2001","03","15",8.0,"",-.5,"",3.5,"",-2.8,"",1.6,"","W",0,"9"
"251200150","£AZISKA","2001","03","16",7.6,"",-1.3,"",3.4,"",-2.4,"",.0,"9","",0,"9"
"251200150","£AZISKA","2001","03","17",5.6,"",1.1,"",3.3,"",.3,"",9.9,"","S",0,"9"
"251200150","£AZISKA","2001","03","18",4.5,"",-.5,"",1.5,"",-.6,"",.2,"","S",5,""
"251200150","£AZISKA","2001","03","19",5.9,"",-.5,"",2.8,"",-1.8,"",8.0,"","S",0,""
"251200150","£AZISKA","2001","03","20",4.1,"",-1.5,"",.2,"",-2.6,"",.1,"","S",0,""
"251200150","£AZISKA","2001","03","21",-.2,"",-4.1,"",-2.2,"",-5.5,"",.0,"9","",0,""
"251200150","£AZISKA","2001","03","22",3.3,"",-4.8,"",-.9,"",-7.2,"",.5,"","S",0,"9"
"251200150","£AZISKA","2001","03","23",2.8,"",-1.5,"",.0,"",-3.8,"",1.4,"","S",0,""
"251200150","£AZISKA","2001","03","24",3.2,"",-1.5,"",.7,"",-2.4,"",4.6,"","W",0,"9"
"251200150","£AZISKA","2001","03","25",1.3,"",-1.3,"",-.4,"",-3.1,"",2.2,"","S",0,"9"
"251200150","£AZISKA","2001","03","26",-.9,"",-4.1,"",-2.9,"",-5.0,"",5.2,"","S",6,""
"251200150","£AZISKA","2001","03","27",-1.5,"",-12.3,"",-7.1,"",-12.3,"",.0,"9","",8,""
"251200150","£AZISKA","2001","03","28",1.3,"",-7.0,"",-2.9,"",-7.9,"",.0,"9","",3,""
"251200150","£AZISKA","2001","03","29",5.0,"",-5.6,"",-.2,"",-7.3,"",.0,"9","",2,""
"251200150","£AZISKA","2001","03","30",11.7,"",.0,"",4.6,"",-.6,"",.0,"9","",0,"9"
"251200150","£AZISKA","2001","03","31",10.0,"",-.5,"",4.5,"",-2.0,"",3.6,"","W",0,"9"
"251210040","JARCZEW","2001","03","01",5.0,"",-6.6,"",-1.6,"",-10.8,"",3.8,"","S",10,""
"251210040","JARCZEW","2001","03","02",4.1,"",-3.6,"",-.7,"",-10.7,"",.0,"9","",9,""
"251210040","JARCZEW","2001","03","03",2.5,"",-3.0,"",-.6,"",-9.1,"",.7,"","S",8,""
"251210040","JARCZEW","2001","03","04",2.0,"",.2,"",.8,"",.0,"",4.4,"","S",8,""
"251210040","JARCZEW","2001","03","05",3.2,"",-.5,"",.8,"",-.6,"",.1,"","W",7,""
"251210040","JARCZEW","2001","03","06",5.2,"",-6.6,"",-2.2,"",-8.1,"",.0,"9","",5,""
"251210040","JARCZEW","2001","03","07",7.6,"",-4.6,"",.2,"",-7.6,"",.0,"9","",3,""
"251210040","JARCZEW","2001","03","08",7.4,"",-1.7,"",2.5,"",-3.6,"",.0,"9","",0,""
"251210040","JARCZEW","2001","03","09",12.3,"",1.2,"",6.4,"",.0,"",.0,"9","",0,""
"251210040","JARCZEW","2001","03","10",10.4,"",5.0,"",7.4,"",2.5,"",.3,"","W",0,""
"251210040","JARCZEW","2001","03","11",13.1,"",5.1,"",8.5,"",3.2,"",.1,"","W",0,"9"
"251210040","JARCZEW","2001","03","12",16.6,"",7.1,"",11.2,"",6.4,"",.2,"","W",0,"9"
"251210040","JARCZEW","2001","03","13",14.7,"",7.5,"",9.8,"",6.9,"",1.8,"","W",0,"9"
"251210040","JARCZEW","2001","03","14",10.6,"",4.0,"",6.3,"",1.5,"",.0,"9","",0,"9"
"251210040","JARCZEW","2001","03","15",7.3,"",.9,"",3.4,"",.0,"",2.7,"","W",0,"9"
"251210040","JARCZEW","2001","03","16",6.6,"",-.5,"",2.7,"",-1.5,"",.0,"9","",0,"9"
"251210040","JARCZEW","2001","03","17",6.3,"",-.5,"",2.3,"",-1.0,"",.1,"","S",0,"9"
"251210040","JARCZEW","2001","03","18",5.3,"",.5,"",2.1,"",.5,"",.1,"","S",0,"9"
"251210040","JARCZEW","2001","03","19",6.4,"",.7,"",3.7,"",.0,"",3.1,"","S",0,"9"
"251210040","JARCZEW","2001","03","20",6.6,"",-2.0,"",.7,"",-2.0,"",1.8,"","S",1,""
"251210040","JARCZEW","2001","03","21",.3,"",-3.6,"",-1.9,"",-4.1,"",.1,"","S",3,""
"251210040","JARCZEW","2001","03","22",2.8,"",-8.1,"",-2.6,"",-8.3,"",.0,"9","",1,""
"251210040","JARCZEW","2001","03","23",4.1,"",-2.0,"",.3,"",-3.6,"",.0,"9","",0,""
"251210040","JARCZEW","2001","03","24",4.6,"",-4.1,"",-.5,"",-4.6,"",3.8,"","S",0,""
"251210040","JARCZEW","2001","03","25",.3,"",-1.5,"",-1.0,"",-2.0,"",4.5,"","S",12,""
"251210040","JARCZEW","2001","03","26",-.5,"",-4.1,"",-2.8,"",-4.6,"",.4,"","S",15,""
"251210040","JARCZEW","2001","03","27",-.3,"",-8.6,"",-4.4,"",-18.9,"",.0,"9","",14,""
"251210040","JARCZEW","2001","03","28",2.5,"",-6.6,"",-2.6,"",-15.3,"",.0,"9","",10,""
"251210040","JARCZEW","2001","03","29",4.4,"",-6.7,"",-1.1,"",-13.2,"",.0,"9","",8,""
"251210040","JARCZEW","2001","03","30",7.2,"",-.9,"",2.9,"",-2.8,"",.0,"9","",6,""
"251210040","JARCZEW","2001","03","31",10.3,"",-.8,"",4.4,"",-2.0,"",.0,"9","",0,""
"251210120","PU£AWY","2001","03","01",6.0,"",-5.1,"",-.2,"",-12.2,"",4.1,"","S",6,""
"251210120","PU£AWY","2001","03","02",6.3,"",-1.5,"",.9,"",-9.7,"",.0,"9","",4,""
"251210120","PU£AWY","2001","03","03",2.6,"",-1.6,"",.2,"",-5.6,"",.8,"","W",2,""
"251210120","PU£AWY","2001","03","04",2.6,"",.5,"",1.5,"",-.1,"",.6,"","W",2,""
"251210120","PU£AWY","2001","03","05",3.7,"",.6,"",1.7,"",.2,"",.1,"","S",0,"9"
"251210120","PU£AWY","2001","03","06",5.8,"",-5.0,"",-1.0,"",-7.4,"",.0,"9","",0,"9"
"251210120","PU£AWY","2001","03","07",9.6,"",-4.6,"",1.4,"",-6.8,"",.0,"9","",0,"9"
"251210120","PU£AWY","2001","03","08",9.5,"",.9,"",4.4,"",-2.7,"",.0,"9","",0,"9"
"251210120","PU£AWY","2001","03","09",14.9,"",1.8,"",7.4,"",.4,"",.0,"9","",0,"9"
"251210120","PU£AWY","2001","03","10",10.6,"",5.9,"",7.8,"",3.3,"",.6,"","W",0,"9"
"251210120","PU£AWY","2001","03","11",14.5,"",4.4,"",8.6,"",1.3,"",.0,"9","",0,"9"
"251210120","PU£AWY","2001","03","12",17.4,"",7.3,"",11.3,"",6.2,"",.0,"9","",0,"9"
"251210120","PU£AWY","2001","03","13",14.6,"",8.2,"",10.4,"",6.2,"",.8,"","W",0,"9"
"251210120","PU£AWY","2001","03","14",10.9,"",5.4,"",7.0,"",1.3,"",.0,"9","",0,"9"
"251210120","PU£AWY","2001","03","15",9.0,"",.0,"",3.8,"",-3.7,"",.2,"","W",0,"9"
"251210120","PU£AWY","2001","03","16",7.8,"",.9,"",3.7,"",-2.2,"",.0,"9","",0,"9"
"251210120","PU£AWY","2001","03","17",7.2,"",2.1,"",4.3,"",1.8,"",8.0,"","S",0,"9"
"251210120","PU£AWY","2001","03","18",5.4,"",.0,"",2.2,"",-.5,"",3.0,"","S",2,""
"251210120","PU£AWY","2001","03","19",6.5,"",.5,"",3.6,"",-2.6,"",5.4,"","S",0,"9"
"251210120","PU£AWY","2001","03","20",5.2,"",-.5,"",1.3,"",-.8,"",1.4,"","S",0,"9"
"251210120","PU£AWY","2001","03","21",.7,"",-2.1,"",-1.0,"",-2.7,"",.0,"","W",1,""
"251210120","PU£AWY","2001","03","22",3.5,"",-6.1,"",-1.2,"",-7.4,"",.0,"9","",0,"9"
"251210120","PU£AWY","2001","03","23",5.3,"",-.5,"",1.7,"",-1.6,"",.0,"9","",0,"9"
"251210120","PU£AWY","2001","03","24",5.6,"",-2.6,"",.7,"",-3.9,"",7.9,"","S",0,"9"
"251210120","PU£AWY","2001","03","25",.8,"",-.6,"",-.2,"",-1.1,"",5.0,"","S",0,""
"251210120","PU£AWY","2001","03","26",-.6,"",-3.3,"",-2.3,"",-3.6,"",4.0,"","S",4,""
"251210120","PU£AWY","2001","03","27",1.4,"",-5.9,"",-2.5,"",-13.5,"",.0,"9","",10,""
"251210120","PU£AWY","2001","03","28",3.6,"",-4.1,"",-.9,"",-6.8,"",.0,"9","",1,""
"251210120","PU£AWY","2001","03","29",5.6,"",-4.1,"",.5,"",-6.3,"",.0,"9","",0,"9"
"251210120","PU£AWY","2001","03","30",8.5,"",.6,"",3.9,"",-.1,"",.0,"9","",0,"9"
"251210120","PU£AWY","2001","03","31",12.2,"",-.2,"",6.0,"",-2.6,"",.0,"9","",0,"9"
"251220070","SOBIESZYN","2001","03","01",3.5,"",-6.1,"",-1.7,"",-10.5,"",4.3,"","S",5,""
"251220070","SOBIESZYN","2001","03","02",5.1,"",-1.7,"",.5,"",-6.5,"",.0,"9","",8,""
"251220070","SOBIESZYN","2001","03","03",2.0,"",-3.7,"",-1.0,"",-9.5,"",.9,"","S",5,""
"251220070","SOBIESZYN","2001","03","04",2.2,"",-.2,"",.8,"",-1.4,"",5.2,"","S",3,""
"251220070","SOBIESZYN","2001","03","05",3.2,"",-.1,"",1.1,"",-1.4,"",.0,"9","",0,"9"
"251220070","SOBIESZYN","2001","03","06",5.1,"",-5.7,"",-2.0,"",-11.5,"",.0,"9","",0,"9"
"251220070","SOBIESZYN","2001","03","07",8.2,"",-5.2,"",.3,"",-11.0,"",.0,"9","",0,"9"
"251220070","SOBIESZYN","2001","03","08",7.5,"",-2.2,"",2.5,"",-5.5,"",.0,"9","",0,"9"
"251220070","SOBIESZYN","2001","03","09",12.3,"",1.3,"",5.8,"",-1.4,"",.0,"9","",0,"9"
"251220070","SOBIESZYN","2001","03","10",9.0,"",4.5,"",6.3,"",1.1,"",.6,"","W",0,"9"
"251220070","SOBIESZYN","2001","03","11",13.8,"",2.9,"",7.6,"",-.4,"",.0,"9","",0,"9"
"251220070","SOBIESZYN","2001","03","12",16.3,"",6.6,"",10.4,"",4.0,"",.4,"","W",0,"9"
"251220070","SOBIESZYN","2001","03","13",14.0,"",7.7,"",9.5,"",6.0,"",1.8,"","W",0,"9"
"251220070","SOBIESZYN","2001","03","14",11.3,"",5.0,"",6.8,"",-.4,"",.0,"9","",0,"9"
"251220070","SOBIESZYN","2001","03","15",7.4,"",.8,"",3.5,"",-2.4,"",.9,"","W",0,"9"
"251220070","SOBIESZYN","2001","03","16",7.4,"",-.7,"",2.8,"",-5.0,"",.0,"9","",0,"9"
"251220070","SOBIESZYN","2001","03","17",6.9,"",.8,"",3.2,"",-1.4,"",2.0,"","S",0,"9"
"251220070","SOBIESZYN","2001","03","18",4.4,"",-.2,"",1.6,"",-1.9,"",1.4,"","S",0,""
"251220070","SOBIESZYN","2001","03","19",5.5,"",.6,"",3.3,"",-2.9,"",3.3,"","W",0,"9"
"251220070","SOBIESZYN","2001","03","20",5.9,"",-1.1,"",.8,"",-2.9,"",2.0,"","S",0,"9"
"251220070","SOBIESZYN","2001","03","21",.0,"",-3.2,"",-1.8,"",-7.0,"",.0,"9","",4,""
"251220070","SOBIESZYN","2001","03","22",2.5,"",-8.1,"",-3.0,"",-12.5,"",.0,"9","",0,"9"
"251220070","SOBIESZYN","2001","03","23",4.4,"",-1.7,"",.4,"",-6.0,"",.0,"9","",0,"9"
"251220070","SOBIESZYN","2001","03","24",5.5,"",-3.4,"",.0,"",-7.0,"",8.2,"","S",0,"9"
"251220070","SOBIESZYN","2001","03","25",.3,"",-3.4,"",-1.4,"",-2.4,"",5.9,"","S",7,""
"251220070","SOBIESZYN","2001","03","26",-1.0,"",-3.9,"",-2.8,"",-5.0,"",1.9,"","S",13,""
"251220070","SOBIESZYN","2001","03","27",.5,"",-7.7,"",-3.8,"",-14.5,"",.0,"9","",14,""
"251220070","SOBIESZYN","2001","03","28",2.5,"",-5.0,"",-1.7,"",-13.5,"",.0,"9","",6,""
"251220070","SOBIESZYN","2001","03","29",4.2,"",-5.4,"",-.8,"",-13.0,"",.0,"9","",3,""
"251220070","SOBIESZYN","2001","03","30",7.4,"",-.2,"",3.0,"",-2.4,"",.0,"9","",0,"9"
"251220070","SOBIESZYN","2001","03","31",11.0,"",-.2,"",4.6,"",-4.5,"",.0,"9","",0,"9"
"251230120","BEZEK","2001","03","01",2.5,"",-4.9,"",-1.4,"",-10.2,"",.7,"","W",5,""
"251230120","BEZEK","2001","03","02",4.1,"",.3,"",1.4,"",-2.3,"",.0,"9","",3,""
"251230120","BEZEK","2001","03","03",2.6,"",-1.6,"",.4,"",-5.3,"",.0,"9","",0,"9"
"251230120","BEZEK","2001","03","04",2.7,"",.6,"",1.6,"",-.6,"",1.1,"","W",0,"9"
"251230120","BEZEK","2001","03","05",4.7,"",.0,"",1.8,"",-.7,"",.0,"","W",0,"9"
"251230120","BEZEK","2001","03","06",4.1,"",-4.3,"",-.9,"",-8.1,"",.0,"9","",0,"9"
"251230120","BEZEK","2001","03","07",7.0,"",-2.3,"",1.8,"",-6.8,"",.0,"9","",0,"9"
"251230120","BEZEK","2001","03","08",7.9,"",.8,"",3.8,"",-3.0,"",.0,"9","",0,"9"
"251230120","BEZEK","2001","03","09",13.0,"",1.4,"",5.8,"",-.7,"",.0,"9","",0,"9"
"251230120","BEZEK","2001","03","10",9.8,"",5.9,"",7.7,"",4.3,"",.0,"","W",0,"9"
"251230120","BEZEK","2001","03","11",13.9,"",4.7,"",9.1,"",2.9,"",.0,"9","",0,"9"
"251230120","BEZEK","2001","03","12",16.2,"",7.1,"",10.6,"",6.2,"",.0,"9","",0,"9"
"251230120","BEZEK","2001","03","13",15.2,"",7.7,"",10.1,"",6.3,"",3.0,"","W",0,"9"
"251230120","BEZEK","2001","03","14",10.8,"",4.0,"",6.4,"",.8,"",.0,"","W",0,"9"
"251230120","BEZEK","2001","03","15",7.9,"",.5,"",3.5,"",-1.6,"",.0,"9","",0,"9"
"251230120","BEZEK","2001","03","16",5.5,"",1.2,"",2.9,"",-2.9,"",.0,"9","",0,"9"
"251230120","BEZEK","2001","03","17",6.8,"",1.3,"",4.0,"",1.2,"",7.0,"","S",0,"9"
"251230120","BEZEK","2001","03","18",4.6,"",.0,"",1.4,"",-.7,"",1.5,"","S",8,""
"251230120","BEZEK","2001","03","19",3.8,"",-.3,"",1.8,"",-3.2,"",2.1,"","W",4,""
"251230120","BEZEK","2001","03","20",5.7,"",-1.1,"",1.0,"",-2.1,"",.3,"","S",0,"9"
"251230120","BEZEK","2001","03","21",-1.0,"",-3.4,"",-2.2,"",-4.3,"",.0,"9","",0,""
"251230120","BEZEK","2001","03","22",2.0,"",-5.9,"",-2.1,"",-11.1,"",.0,"9","",0,""
"251230120","BEZEK","2001","03","23",4.4,"",-2.4,"",.5,"",-6.6,"",.0,"9","",0,"9"
"251230120","BEZEK","2001","03","24",5.5,"",-3.5,"",.3,"",-6.6,"",2.5,"","S",0,"9"
"251230120","BEZEK","2001","03","25",1.0,"",-1.1,"",-.4,"",-2.0,"",4.5,"","S",0,"9"
"251230120","BEZEK","2001","03","26",-1.1,"",-3.5,"",-2.7,"",-4.3,"",2.3,"","S",3,""
"251230120","BEZEK","2001","03","27",-.2,"",-6.0,"",-3.7,"",-8.5,"",.0,"9","",5,""
"251230120","BEZEK","2001","03","28",1.8,"",-4.9,"",-2.1,"",-8.9,"",.0,"9","",3,""
"251230120","BEZEK","2001","03","29",3.3,"",-5.6,"",-1.5,"",-11.4,"",.0,"9","",2,""
"251230120","BEZEK","2001","03","30",5.8,"",.1,"",2.2,"",-2.9,"",.0,"9","",0,"9"
"251230120","BEZEK","2001","03","31",11.1,"",.4,"",5.1,"",-3.3,"",.0,"9","",0,"9"
"252150050","KRZY¯","2001","03","01",7.6,"",-3.5,"",-.1,"",-6.0,"",.0,"9","",0,"9"
"252150050","KRZY¯","2001","03","02",3.1,"",-6.0,"",-.9,"",-8.0,"",.0,"9","",0,"9"
"252150050","KRZY¯","2001","03","03",4.1,"",-7.0,"",-1.0,"",-8.2,"",.4,"","S",0,"9"
"252150050","KRZY¯","2001","03","04",.6,"",-1.6,"",-.5,"",-4.2,"",1.9,"","S",1,""
"252150050","KRZY¯","2001","03","05",3.9,"",-1.4,"",.3,"",-4.1,"",.0,"9","",3,""
"252150050","KRZY¯","2001","03","06",6.6,"",-7.5,"",-2.5,"",-10.4,"",.0,"9","",1,""
"252150050","KRZY¯","2001","03","07",9.0,"",-8.0,"",-.9,"",-8.9,"",.0,"9","",0,"9"
"252150050","KRZY¯","2001","03","08",11.5,"",-1.5,"",3.9,"",-2.9,"",.0,"9","",0,"9"
"252150050","KRZY¯","2001","03","09",7.1,"",.5,"",3.9,"",-2.2,"",2.0,"","W",0,"9"
"252150050","KRZY¯","2001","03","10",14.4,"",4.0,"",8.3,"",2.4,"",.2,"","W",0,"9"
"252150050","KRZY¯","2001","03","11",12.0,"",5.7,"",8.5,"",2.3,"",.0,"9","",0,"9"
"252150050","KRZY¯","2001","03","12",16.4,"",2.0,"",9.3,"",.6,"",10.9,"","W",0,"9"
"252150050","KRZY¯","2001","03","13",11.0,"",4.2,"",6.0,"",3.0,"",2.3,"","W",0,"9"
"252150050","KRZY¯","2001","03","14",7.6,"",1.9,"",4.6,"",-.7,"",5.2,"","W",0,"9"
"252150050","KRZY¯","2001","03","15",8.1,"",1.9,"",3.7,"",-.2,"",.0,"9","",0,"9"
"252150050","KRZY¯","2001","03","16",11.0,"",-2.5,"",2.7,"",-5.6,"",.0,"9","",0,"9"
"252150050","KRZY¯","2001","03","17",5.6,"",-2.5,"",.8,"",-5.9,"",.0,"9","",0,"9"
"252150050","KRZY¯","2001","03","18",5.1,"",.5,"",2.6,"",-1.7,"",.5,"","W",0,"9"
"252150050","KRZY¯","2001","03","19",7.9,"",1.5,"",3.5,"",-.2,"",5.7,"","S",0,"9"
"252150050","KRZY¯","2001","03","20",2.8,"",-1.4,"",-.2,"",-4.1,"",.5,"","S",2,""
"252150050","KRZY¯","2001","03","21",4.6,"",-8.0,"",-2.9,"",-11.4,"",.0,"9","",2,""
"252150050","KRZY¯","2001","03","22",4.3,"",-5.5,"",-.9,"",-10.9,"",2.1,"","S",0,"9"
"252150050","KRZY¯","2001","03","23",5.0,"",-1.4,"",1.2,"",-3.1,"",1.7,"","S",3,""
"252150050","KRZY¯","2001","03","24",2.7,"",-1.5,"",.1,"",-2.7,"",1.5,"","S",3,""
"252150050","KRZY¯","2001","03","25",2.6,"",-.8,"",.4,"",-1.7,"",.0,"9","",3,""
"252150050","KRZY¯","2001","03","26",2.6,"",-2.0,"",-.4,"",-4.6,"",.0,"9","",2,""
"252150050","KRZY¯","2001","03","27",2.1,"",-9.0,"",-3.9,"",-11.9,"",.0,"9","",2,""
"252150050","KRZY¯","2001","03","28",6.6,"",-8.7,"",-2.0,"",-11.4,"",.0,"9","",1,""
"252150050","KRZY¯","2001","03","29",7.1,"",-1.8,"",2.3,"",-3.6,"",.0,"9","",0,"9"
"252150050","KRZY¯","2001","03","30",11.5,"",2.6,"",6.5,"",.8,"",.0,"9","",0,"9"
"252150050","KRZY¯","2001","03","31",13.5,"",4.0,"",7.4,"",.3,"",.0,"9","",0,"9"
"252150120","GORZYÑ","2001","03","01",8.6,"",-1.4,"",1.6,"",-5.6,"",.0,"9","",0,"9"
"252150120","GORZYÑ","2001","03","02",4.3,"",-1.0,"",.7,"",-6.0,"",.0,"9","",0,"9"
"252150120","GORZYÑ","2001","03","03",3.3,"",-5.1,"",-.8,"",-8.8,"",.0,"9","",0,"9"
"252150120","GORZYÑ","2001","03","04",2.2,"",-1.2,"",.3,"",-3.8,"",3.8,"","S",0,"9"
"252150120","GORZYÑ","2001","03","05",3.3,"",-.7,"",.6,"",-6.0,"",.0,"9","",3,""
"252150120","GORZYÑ","2001","03","06",6.8,"",-7.2,"",-2.2,"",-12.0,"",.0,"9","",1,""
"252150120","GORZYÑ","2001","03","07",8.4,"",-5.1,"",.6,"",-9.0,"",.0,"9","",0,"9"
"252150120","GORZYÑ","2001","03","08",11.3,"",.2,"",4.6,"",-3.5,"",.0,"9","",0,"9"
"252150120","GORZYÑ","2001","03","09",9.2,"",.2,"",5.3,"",-1.5,"",2.8,"","W",0,"9"
"252150120","GORZYÑ","2001","03","10",14.3,"",6.1,"",9.2,"",3.0,"",.0,"9","",0,"9"
"252150120","GORZYÑ","2001","03","11",12.4,"",7.8,"",9.5,"",3.4,"",.0,"9","",0,"9"
"252150120","GORZYÑ","2001","03","12",16.1,"",7.1,"",10.4,"",3.2,"",13.2,"","W",0,"9"
"252150120","GORZYÑ","2001","03","13",10.6,"",4.7,"",6.6,"",.6,"",.8,"","W",0,"9"
"252150120","GORZYÑ","2001","03","14",8.4,"",2.5,"",4.7,"",-1.0,"",3.3,"","W",0,"9"
"252150120","GORZYÑ","2001","03","15",9.3,"",1.2,"",4.3,"",-2.0,"",.6,"","W",0,"9"
"252150120","GORZYÑ","2001","03","16",11.5,"",-.5,"",3.8,"",-5.0,"",.0,"9","",0,"9"
"252150120","GORZYÑ","2001","03","17",4.3,"",-1.5,"",1.0,"",-5.0,"",.0,"9","",0,"9"
"252150120","GORZYÑ","2001","03","18",4.8,"",.5,"",2.3,"",-1.0,"",3.7,"","W",0,"9"
"252150120","GORZYÑ","2001","03","19",8.4,"",2.0,"",4.0,"",.6,"",2.4,"","S",0,"9"
"252150120","GORZYÑ","2001","03","20",3.2,"",-2.0,"",-.3,"",-3.0,"",.8,"","S",0,""
"252150120","GORZYÑ","2001","03","21",3.8,"",-6.5,"",-2.1,"",-10.5,"",.0,"9","",0,""
"252150120","GORZYÑ","2001","03","22",4.4,"",-3.6,"",-.2,"",-7.5,"",2.8,"","S",0,"9"
"252150120","GORZYÑ","2001","03","23",3.3,"",-1.1,"",.6,"",-3.0,"",2.1,"","S",4,""
"252150120","GORZYÑ","2001","03","24",1.8,"",-1.1,"",-.1,"",-2.6,"",1.2,"","S",4,""
"252150120","GORZYÑ","2001","03","25",1.0,"",-.6,"",.0,"",-2.5,"",.9,"","S",4,""
"252150120","GORZYÑ","2001","03","26",1.8,"",-3.5,"",-1.7,"",-9.0,"",.0,"9","",6,""
"252150120","GORZYÑ","2001","03","27",1.3,"",-7.5,"",-3.0,"",-12.0,"",.0,"9","",2,""
"252150120","GORZYÑ","2001","03","28",4.3,"",-7.3,"",-1.8,"",-11.0,"",.0,"9","",1,""
"252150120","GORZYÑ","2001","03","29",6.8,"",-2.1,"",1.8,"",-5.0,"",.0,"9","",0,"9"
"252150120","GORZYÑ","2001","03","30",10.9,"",2.5,"",6.5,"",-1.5,"",.4,"","W",0,"9"
"252150120","GORZYÑ","2001","03","31",13.4,"",5.0,"",7.9,"",-.5,"",.0,"9","",0,"9"
"252150180","LUBINICKO-ŒWIEBODZIN","2001","03","01",7.7,"",-2.8,"",1.7,"",-5.3,"",.0,"9","",0,"9"
"252150180","LUBINICKO-ŒWIEBODZIN","2001","03","02",3.4,"",-1.0,"",.8,"",-3.9,"",.0,"9","",0,"9"
"252150180","LUBINICKO-ŒWIEBODZIN","2001","03","03",2.3,"",-3.2,"",-.5,"",-4.7,"",.0,"9","",0,"9"
"252150180","LUBINICKO-ŒWIEBODZIN","2001","03","04",1.2,"",-1.8,"",-.3,"",-3.3,"",7.5,"","S",0,"9"
"252150180","LUBINICKO-ŒWIEBODZIN","2001","03","05",3.0,"",-.9,"",.7,"",-1.3,"",1.0,"","S",8,""
"252150180","LUBINICKO-ŒWIEBODZIN","2001","03","06",3.8,"",-7.8,"",-2.9,"",-9.2,"",.0,"9","",3,""
"252150180","LUBINICKO-ŒWIEBODZIN","2001","03","07",7.7,"",-7.0,"",-.5,"",-8.8,"",.0,"9","",0,"9"
"252150180","LUBINICKO-ŒWIEBODZIN","2001","03","08",10.3,"",.4,"",4.5,"",-1.3,"",.0,"9","",0,"9"
"252150180","LUBINICKO-ŒWIEBODZIN","2001","03","09",9.1,"",1.4,"",5.6,"",-.8,"",2.7,"","W",0,"9"
"252150180","LUBINICKO-ŒWIEBODZIN","2001","03","10",14.3,"",1.8,"",8.1,"",.8,"",.9,"","W",0,"9"
"252150180","LUBINICKO-ŒWIEBODZIN","2001","03","11",12.7,"",7.7,"",9.9,"",5.2,"",.0,"9","",0,"9"
"252150180","LUBINICKO-ŒWIEBODZIN","2001","03","12",16.0,"",7.8,"",10.7,"",4.4,"",10.4,"","W",0,"9"
"252150180","LUBINICKO-ŒWIEBODZIN","2001","03","13",11.1,"",5.0,"",7.0,"",2.6,"",.7,"","W",0,"9"
"252150180","LUBINICKO-ŒWIEBODZIN","2001","03","14",7.3,"",3.2,"",5.0,"",1.6,"",4.2,"","W",0,"9"
"252150180","LUBINICKO-ŒWIEBODZIN","2001","03","15",8.4,"",2.8,"",4.6,"",1.6,"",1.7,"","W",0,"9"
"252150180","LUBINICKO-ŒWIEBODZIN","2001","03","16",10.9,"",.0,"",4.0,"",-1.9,"",.0,"9","",0,"9"
"252150180","LUBINICKO-ŒWIEBODZIN","2001","03","17",5.2,"",-.2,"",1.8,"",-1.3,"",.0,"9","",0,"9"
"252150180","LUBINICKO-ŒWIEBODZIN","2001","03","18",3.3,"",.6,"",1.8,"",.1,"",3.2,"","W",0,"9"
"252150180","LUBINICKO-ŒWIEBODZIN","2001","03","19",9.9,"",1.2,"",4.0,"",.4,"",3.0,"","S",0,"9"
"252150180","LUBINICKO-ŒWIEBODZIN","2001","03","20",1.4,"",-2.2,"",-1.0,"",-3.1,"",.4,"","W",0,""
"252150180","LUBINICKO-ŒWIEBODZIN","2001","03","21",3.4,"",-6.0,"",-2.0,"",-7.2,"",.0,"9","",0,"9"
"252150180","LUBINICKO-ŒWIEBODZIN","2001","03","22",2.3,"",-3.2,"",-.5,"",-3.8,"",3.0,"","S",0,"9"
"252150180","LUBINICKO-ŒWIEBODZIN","2001","03","23",2.0,"",-.6,"",.6,"",-1.1,"",1.7,"","S",0,""
"252150180","LUBINICKO-ŒWIEBODZIN","2001","03","24",1.3,"",-.5,"",.3,"",-1.1,"",2.8,"","W",0,"9"
"252150180","LUBINICKO-ŒWIEBODZIN","2001","03","25",.2,"",-.7,"",-.4,"",-1.5,"",13.5,"","S",0,"9"
"252150180","LUBINICKO-ŒWIEBODZIN","2001","03","26",.8,"",-3.8,"",-2.4,"",-5.3,"",.3,"","S",10,""
"252150180","LUBINICKO-ŒWIEBODZIN","2001","03","27",1.0,"",-8.2,"",-3.7,"",-9.2,"",.0,"9","",5,""
"252150180","LUBINICKO-ŒWIEBODZIN","2001","03","28",3.6,"",-8.5,"",-2.8,"",-11.2,"",.0,"9","",4,""
"252150180","LUBINICKO-ŒWIEBODZIN","2001","03","29",7.5,"",-2.4,"",2.1,"",-4.8,"",.0,"9","",2,""
"252150180","LUBINICKO-ŒWIEBODZIN","2001","03","30",10.3,"",1.8,"",5.8,"",-.5,"",.6,"","W",0,"9"
"252150180","LUBINICKO-ŒWIEBODZIN","2001","03","31",13.1,"",4.5,"",7.9,"",3.1,"",.0,"9","",0,"9"
"252160110","SZAMOTU£Y-BABORÓWKO","2001","03","01",4.6,"",-1.0,"",1.2,"",-2.3,"",.0,"9","",0,"9"
"252160110","SZAMOTU£Y-BABORÓWKO","2001","03","02",3.6,"",-2.5,"",.4,"",-4.9,"",.0,"9","",0,"9"
"252160110","SZAMOTU£Y-BABORÓWKO","2001","03","03",2.6,"",-5.1,"",-1.1,"",-7.7,"",.5,"","S",0,"9"
"252160110","SZAMOTU£Y-BABORÓWKO","2001","03","04",.8,"",-2.9,"",-.5,"",-5.1,"",4.6,"","S",0,""
"252160110","SZAMOTU£Y-BABORÓWKO","2001","03","05",1.0,"",-1.6,"",-.5,"",-3.9,"",.0,"9","",0,""
"252160110","SZAMOTU£Y-BABORÓWKO","2001","03","06",4.6,"",-8.2,"",-3.2,"",-10.5,"",.0,"9","",0,"9"
"252160110","SZAMOTU£Y-BABORÓWKO","2001","03","07",6.7,"",-5.1,"",.2,"",-8.8,"",.0,"9","",0,"9"
"252160110","SZAMOTU£Y-BABORÓWKO","2001","03","08",9.8,"",1.4,"",4.3,"",-.3,"",.0,"9","",0,"9"
"252160110","SZAMOTU£Y-BABORÓWKO","2001","03","09",7.7,"",.4,"",4.7,"",-1.3,"",.6,"","W",0,"9"
"252160110","SZAMOTU£Y-BABORÓWKO","2001","03","10",11.8,"",5.6,"",8.6,"",3.2,"",.0,"9","",0,"9"
"252160110","SZAMOTU£Y-BABORÓWKO","2001","03","11",11.8,"",7.8,"",9.4,"",5.7,"",.0,"9","",0,"9"
"252160110","SZAMOTU£Y-BABORÓWKO","2001","03","12",14.8,"",5.6,"",9.8,"",4.0,"",17.5,"","W",0,"9"
"252160110","SZAMOTU£Y-BABORÓWKO","2001","03","13",11.8,"",4.8,"",7.1,"",4.2,"",1.0,"","W",0,"9"
"252160110","SZAMOTU£Y-BABORÓWKO","2001","03","14",7.7,"",3.3,"",4.8,"",-.3,"",.0,"9","",0,"9"
"252160110","SZAMOTU£Y-BABORÓWKO","2001","03","15",7.7,"",2.4,"",4.4,"",.2,"",.5,"","W",0,"9"
"252160110","SZAMOTU£Y-BABORÓWKO","2001","03","16",9.8,"",.5,"",3.6,"",-1.8,"",.4,"","W",0,"9"
"252160110","SZAMOTU£Y-BABORÓWKO","2001","03","17",3.6,"",-2.1,"",.4,"",-5.2,"",.0,"9","",0,"9"
"252160110","SZAMOTU£Y-BABORÓWKO","2001","03","18",4.1,"",.6,"",2.6,"",-.5,"",2.5,"","W",0,"9"
"252160110","SZAMOTU£Y-BABORÓWKO","2001","03","19",6.7,"",2.5,"",4.0,"",1.2,"",6.0,"","S",0,"9"
"252160110","SZAMOTU£Y-BABORÓWKO","2001","03","20",3.8,"",-2.1,"",-.1,"",-1.2,"",.6,"","S",0,""
"252160110","SZAMOTU£Y-BABORÓWKO","2001","03","21",2.6,"",-5.1,"",-1.9,"",-8.4,"",.0,"9","",0,"9"
"252160110","SZAMOTU£Y-BABORÓWKO","2001","03","22",2.1,"",-3.3,"",-1.2,"",-5.1,"",1.8,"","S",0,"9"
"252160110","SZAMOTU£Y-BABORÓWKO","2001","03","23",2.5,"",-2.1,"",.4,"",-3.3,"",.6,"","S",0,""
"252160110","SZAMOTU£Y-BABORÓWKO","2001","03","24",2.5,"",-1.1,"",.4,"",-1.3,"",.5,"","S",0,""
"252160110","SZAMOTU£Y-BABORÓWKO","2001","03","25",1.0,"",-1.4,"",-.2,"",-1.4,"",1.0,"","S",1,""
"252160110","SZAMOTU£Y-BABORÓWKO","2001","03","26",.5,"",-2.6,"",-1.5,"",-6.9,"",.0,"9","",0,"9"
"252160110","SZAMOTU£Y-BABORÓWKO","2001","03","27",.2,"",-9.5,"",-4.3,"",-17.1,"",.0,"9","",0,"9"
"252160110","SZAMOTU£Y-BABORÓWKO","2001","03","28",3.6,"",-7.3,"",-1.4,"",-18.1,"",.0,"9","",0,"9"
"252160110","SZAMOTU£Y-BABORÓWKO","2001","03","29",5.7,"",-1.8,"",1.7,"",-4.9,"",.0,"9","",0,"9"
"252160110","SZAMOTU£Y-BABORÓWKO","2001","03","30",9.8,"",3.6,"",6.2,"",1.0,"",.6,"","W",0,"9"
"252160110","SZAMOTU£Y-BABORÓWKO","2001","03","31",11.8,"",5.3,"",7.8,"",4.2,"",.0,"9","",0,"9"
"252160160","PAPROÆ","2001","03","01",7.5,"",-.5,"",2.0,"",-2.3,"",.0,"9","",0,"9"
"252160160","PAPROÆ","2001","03","02",3.6,"",-2.9,"",.4,"",-4.5,"",.0,"9","",0,"9"
"252160160","PAPROÆ","2001","03","03",2.5,"",-2.6,"",-.1,"",-4.4,"",.0,"","S",0,"9"
"252160160","PAPROÆ","2001","03","04",1.5,"",-1.5,"",-.2,"",-3.0,"",5.0,"","S",0,""
"252160160","PAPROÆ","2001","03","05",2.4,"",-.3,"",.6,"",-.1,"",.6,"","S",2,""
"252160160","PAPROÆ","2001","03","06",4.3,"",-8.4,"",-3.3,"",-8.8,"",.0,"9","",0,"9"
"252160160","PAPROÆ","2001","03","07",8.0,"",-6.3,"",-.3,"",-7.0,"",.0,"9","",0,"9"
"252160160","PAPROÆ","2001","03","08",10.9,"",1.3,"",5.0,"",-.3,"",.0,"9","",0,"9"
"252160160","PAPROÆ","2001","03","09",8.4,"",3.4,"",5.8,"",2.0,"",1.8,"","W",0,"9"
"252160160","PAPROÆ","2001","03","10",13.8,"",5.4,"",8.9,"",3.5,"",.2,"","W",0,"9"
"252160160","PAPROÆ","2001","03","11",12.3,"",7.6,"",9.6,"",6.3,"",.0,"9","",0,"9"
"252160160","PAPROÆ","2001","03","12",15.9,"",6.0,"",10.3,"",3.5,"",18.6,"","W",0,"9"
"252160160","PAPROÆ","2001","03","13",11.6,"",4.4,"",6.3,"",2.2,"",1.3,"","W",0,"9"
"252160160","PAPROÆ","2001","03","14",8.8,"",1.9,"",4.6,"",1.0,"",6.9,"","W",0,"9"
"252160160","PAPROÆ","2001","03","15",8.1,"",2.5,"",4.4,"",1.0,"",.6,"","W",0,"9"
"252160160","PAPROÆ","2001","03","16",10.8,"",-1.1,"",3.5,"",-2.6,"",.1,"","W",0,"9"
"252160160","PAPROÆ","2001","03","17",5.5,"",-1.7,"",1.3,"",-2.8,"",.0,"9","",0,"9"
"252160160","PAPROÆ","2001","03","18",4.3,"",1.0,"",2.2,"",.1,"",1.8,"","W",0,"9"
"252160160","PAPROÆ","2001","03","19",9.2,"",2.1,"",4.2,"",1.9,"",1.9,"","S",0,"9"
"252160160","PAPROÆ","2001","03","20",2.3,"",-1.8,"",-.7,"",-3.4,"",.5,"","S",0,""
"252160160","PAPROÆ","2001","03","21",2.7,"",-6.6,"",-2.5,"",-6.9,"",.0,"9","",0,"9"
"252160160","PAPROÆ","2001","03","22",3.5,"",-3.3,"",-.5,"",-4.2,"",3.5,"","S",0,"9"
"252160160","PAPROÆ","2001","03","23",2.7,"",-.3,"",.9,"",-.8,"",1.7,"","S",4,""
"252160160","PAPROÆ","2001","03","24",1.8,"",-.4,"",.3,"",-.5,"",.6,"","S",2,""
"252160160","PAPROÆ","2001","03","25",.4,"",-.7,"",-.3,"",-.8,"",10.4,"","S",1,""
"252160160","PAPROÆ","2001","03","26",.9,"",-2.7,"",-1.7,"",-2.9,"",.0,"9","",10,""
"252160160","PAPROÆ","2001","03","27",.5,"",-6.8,"",-3.2,"",-14.0,"",.0,"9","",10,""
"252160160","PAPROÆ","2001","03","28",3.5,"",-8.4,"",-2.0,"",-12.3,"",.0,"9","",6,""
"252160160","PAPROÆ","2001","03","29",5.9,"",-2.1,"",1.7,"",-8.4,"",.0,"9","",0,"9"
"252160160","PAPROÆ","2001","03","30",10.3,"",3.4,"",7.0,"",2.0,"",.8,"","W",0,"9"
"252160160","PAPROÆ","2001","03","31",13.0,"",5.1,"",7.9,"",4.5,"",.7,"","W",0,"9"
"252160230","WIELICHOWO","2001","03","01",7.0,"",-3.0,"",1.4,"",-4.9,"",.0,"","S",0,"9"
"252160230","WIELICHOWO","2001","03","02",3.4,"",-5.0,"",-.3,"",-7.5,"",.1,"","S",0,"9"
"252160230","WIELICHOWO","2001","03","03",1.5,"",-3.0,"",-.1,"",-4.9,"",.0,"","S",0,"9"
"252160230","WIELICHOWO","2001","03","04",1.5,"",-3.5,"",-.5,"",-4.4,"",6.3,"","S",0,"9"
"252160230","WIELICHOWO","2001","03","05",2.0,"",-1.2,"",.4,"",-.9,"",1.3,"","S",3,""
"252160230","WIELICHOWO","2001","03","06",3.2,"",-8.6,"",-3.3,"",-10.0,"",.0,"9","",2,""
"252160230","WIELICHOWO","2001","03","07",8.3,"",-6.9,"",-.5,"",-8.8,"",.0,"9","",1,""
"252160230","WIELICHOWO","2001","03","08",10.2,"",-.7,"",3.9,"",-2.9,"",.0,"9","",0,"9"
"252160230","WIELICHOWO","2001","03","09",7.8,"",1.4,"",4.8,"",-1.4,"",1.5,"","W",0,"9"
"252160230","WIELICHOWO","2001","03","10",13.8,"",3.1,"",8.0,"",-.4,"",.9,"","W",0,"9"
"252160230","WIELICHOWO","2001","03","11",12.8,"",6.1,"",9.3,"",4.1,"",.0,"9","",0,"9"
"252160230","WIELICHOWO","2001","03","12",16.7,"",3.9,"",10.0,"",.1,"",10.0,"","W",0,"9"
"252160230","WIELICHOWO","2001","03","13",12.0,"",3.8,"",6.5,"",-.3,"",1.9,"","W",0,"9"
"252160230","WIELICHOWO","2001","03","14",8.6,"",1.2,"",4.7,"",-2.5,"",3.0,"","W",0,"9"
"252160230","WIELICHOWO","2001","03","15",9.3,"",1.2,"",4.4,"",-.3,"",.1,"","W",0,"9"
"252160230","WIELICHOWO","2001","03","16",10.7,"",-3.1,"",3.1,"",-4.5,"",.0,"9","",0,"9"
"252160230","WIELICHOWO","2001","03","17",5.1,"",-.8,"",1.9,"",-.7,"",.6,"","W",0,"9"
"252160230","WIELICHOWO","2001","03","18",4.1,"",-.3,"",2.0,"",-.3,"",1.3,"","W",0,"9"
"252160230","WIELICHOWO","2001","03","19",10.8,"",1.5,"",4.5,"",1.1,"",3.0,"","S",0,"9"
"252160230","WIELICHOWO","2001","03","20",2.4,"",-2.6,"",-.6,"",-3.5,"",.1,"","S",2,""
"252160230","WIELICHOWO","2001","03","21",2.4,"",-7.8,"",-2.7,"",-9.1,"",.0,"9","",0,"9"
"252160230","WIELICHOWO","2001","03","22",2.9,"",-4.7,"",-.7,"",-6.5,"",4.3,"","S",0,"9"
"252160230","WIELICHOWO","2001","03","23",2.5,"",-1.4,"",.7,"",-1.4,"",5.2,"","S",1,""
"252160230","WIELICHOWO","2001","03","24",1.7,"",-1.1,"",.3,"",-.9,"",4.4,"","S",1,""
"252160230","WIELICHOWO","2001","03","25",.4,"",-1.5,"",-.4,"",-1.9,"",7.8,"","S",1,""
"252160230","WIELICHOWO","2001","03","26",.3,"",-4.0,"",-1.8,"",-3.9,"",.1,"","S",8,""
"252160230","WIELICHOWO","2001","03","27",.3,"",-7.0,"",-3.0,"",-10.5,"",.0,"9","",6,""
"252160230","WIELICHOWO","2001","03","28",3.3,"",-7.5,"",-1.9,"",-10.0,"",.0,"9","",3,""
"252160230","WIELICHOWO","2001","03","29",7.1,"",-3.2,"",1.7,"",-4.4,"",.0,"9","",2,""
"252160230","WIELICHOWO","2001","03","30",10.5,"",2.9,"",6.6,"",1.9,"",.3,"","W",0,"9"
"252160230","WIELICHOWO","2001","03","31",12.3,"",4.1,"",7.4,"",3.4,"",.1,"","W",0,"9"
"252170110","GNIEZNO","2001","03","01",3.5,"",-1.2,"",.6,"",-3.8,"",.0,"9","",0,"9"
"252170110","GNIEZNO","2001","03","02",3.2,"",-2.7,"",-.2,"",-5.6,"",.0,"","S",0,"9"
"252170110","GNIEZNO","2001","03","03",3.2,"",-2.7,"",.0,"",-5.4,"",.0,"9","",0,"9"
"252170110","GNIEZNO","2001","03","04",1.2,"",-1.9,"",-.2,"",-4.6,"",5.6,"","S",0,"9"
"252170110","GNIEZNO","2001","03","05",1.6,"",-1.5,"",-.5,"",-4.2,"",.0,"9","",0,""
"252170110","GNIEZNO","2001","03","06",3.2,"",-9.6,"",-3.5,"",-9.8,"",.0,"9","",0,""
"252170110","GNIEZNO","2001","03","07",7.3,"",-5.7,"",.2,"",-8.0,"",.0,"9","",0,""
"252170110","GNIEZNO","2001","03","08",8.8,"",1.6,"",4.5,"",-1.4,"",.0,"9","",0,"9"
"252170110","GNIEZNO","2001","03","09",6.7,"",2.2,"",4.5,"",-1.2,"",.7,"","W",0,"9"
"252170110","GNIEZNO","2001","03","10",12.7,"",4.4,"",7.7,"",1.9,"",.7,"","W",0,"9"
"252170110","GNIEZNO","2001","03","11",12.1,"",7.9,"",9.3,"",3.8,"",.0,"9","",0,"9"
"252170110","GNIEZNO","2001","03","12",15.5,"",6.7,"",10.6,"",2.8,"",9.0,"","W",0,"9"
"252170110","GNIEZNO","2001","03","13",12.4,"",4.8,"",7.4,"",3.6,"",2.0,"","W",0,"9"
"252170110","GNIEZNO","2001","03","14",8.3,"",2.9,"",4.9,"",.4,"",.2,"","W",0,"9"
"252170110","GNIEZNO","2001","03","15",7.1,"",1.6,"",3.3,"",-.5,"",.7,"","W",0,"9"
"252170110","GNIEZNO","2001","03","16",9.3,"",-.9,"",3.0,"",-2.6,"",.3,"","W",0,"9"
"252170110","GNIEZNO","2001","03","17",3.5,"",-3.3,"",-.3,"",-3.5,"",.0,"","W",0,"9"
"252170110","GNIEZNO","2001","03","18",4.7,"",1.2,"",2.6,"",-2.4,"",1.2,"","W",0,"9"
"252170110","GNIEZNO","2001","03","19",8.2,"",1.0,"",3.3,"",-.3,"",6.0,"","S",0,"9"
"252170110","GNIEZNO","2001","03","20",1.5,"",-1.8,"",-.8,"",-2.8,"",.1,"","S",2,""
"252170110","GNIEZNO","2001","03","21",2.4,"",-6.1,"",-2.3,"",-10.1,"",.0,"9","",1,""
"252170110","GNIEZNO","2001","03","22",3.2,"",-3.7,"",-.4,"",-5.4,"",.1,"","S",0,"9"
"252170110","GNIEZNO","2001","03","23",4.2,"",-1.2,"",1.3,"",-1.8,"",.2,"","S",1,""
"252170110","GNIEZNO","2001","03","24",2.6,"",-1.3,"",.1,"",-2.4,"",2.4,"","S",0,"9"
"252170110","GNIEZNO","2001","03","25",1.4,"",-.9,"",.2,"",-2.3,"",.6,"","S",1,""
"252170110","GNIEZNO","2001","03","26",.7,"",-3.2,"",-1.9,"",-5.3,"",.0,"9","",0,"9"
"252170110","GNIEZNO","2001","03","27",.6,"",-6.6,"",-2.6,"",-7.1,"",.0,"9","",0,"9"
"252170110","GNIEZNO","2001","03","28",3.8,"",-5.4,"",-1.0,"",-7.8,"",.0,"9","",0,"9"
"252170110","GNIEZNO","2001","03","29",6.2,"",-2.8,"",1.4,"",-4.0,"",.0,"9","",0,"9"
"252170110","GNIEZNO","2001","03","30",10.1,"",2.8,"",5.9,"",1.2,"",.6,"","W",0,"9"
"252170110","GNIEZNO","2001","03","31",12.1,"",5.2,"",7.6,"",1.8,"",1.8,"","W",0,"9"
"252170190","S£UPCA","2001","03","01",4.1,"",-2.0,"",1.0,"",-4.2,"",.0,"9","",0,"9"
"252170190","S£UPCA","2001","03","02",4.6,"",-2.5,"",.8,"",-5.2,"",.0,"9","",0,"9"
"252170190","S£UPCA","2001","03","03",1.7,"",-2.8,"",-.1,"",-5.5,"",.0,"9","",0,"9"
"252170190","S£UPCA","2001","03","04",1.5,"",-2.8,"",-.3,"",-5.2,"",3.6,"","S",0,"9"
"252170190","S£UPCA","2001","03","05",1.5,"",-.7,"",.2,"",-3.8,"",.0,"9","",1,""
"252170190","S£UPCA","2001","03","06",3.2,"",-7.4,"",-3.0,"",-8.6,"",.0,"9","",0,"9"
"252170190","S£UPCA","2001","03","07",8.3,"",-5.9,"",.8,"",-8.1,"",.0,"9","",0,"9"
"252170190","S£UPCA","2001","03","08",10.6,"",.5,"",4.2,"",-2.8,"",.0,"9","",0,"9"
"252170190","S£UPCA","2001","03","09",7.5,"",.9,"",4.4,"",-1.8,"",2.3,"","W",0,"9"
"252170190","S£UPCA","2001","03","10",13.0,"",3.6,"",8.5,"",.0,"",1.1,"","W",0,"9"
"252170190","S£UPCA","2001","03","11",12.3,"",4.7,"",9.0,"",2.6,"",.0,"9","",0,"9"
"252170190","S£UPCA","2001","03","12",15.9,"",4.2,"",10.1,"",.1,"",10.0,"","W",0,"9"
"252170190","S£UPCA","2001","03","13",12.6,"",5.7,"",8.1,"",4.7,"",2.5,"","W",0,"9"
"252170190","S£UPCA","2001","03","14",8.8,"",2.6,"",5.3,"",1.1,"",1.8,"","W",0,"9"
"252170190","S£UPCA","2001","03","15",9.1,"",1.6,"",4.5,"",-.4,"",1.0,"","W",0,"9"
"252170190","S£UPCA","2001","03","16",9.8,"",-1.5,"",3.5,"",-4.7,"",.0,"9","",0,"9"
"252170190","S£UPCA","2001","03","17",6.1,"",-1.5,"",1.7,"",-4.6,"",.0,"9","",0,"9"
"252170190","S£UPCA","2001","03","18",5.3,"",.5,"",2.8,"",-1.3,"",.8,"","W",0,"9"
"252170190","S£UPCA","2001","03","19",10.5,"",2.1,"",4.8,"",.1,"",3.5,"","S",0,"9"
"252170190","S£UPCA","2001","03","20",3.5,"",-1.5,"",.2,"",-2.5,"",1.0,"","S",2,""
"252170190","S£UPCA","2001","03","21",3.0,"",-3.9,"",-1.1,"",-7.1,"",.0,"9","",0,"9"
"252170190","S£UPCA","2001","03","22",2.7,"",-4.4,"",-.4,"",-8.1,"",2.8,"","S",0,"9"
"252170190","S£UPCA","2001","03","23",4.1,"",-1.7,"",.8,"",-3.3,"",.0,"","S",4,""
"252170190","S£UPCA","2001","03","24",1.5,"",-1.5,"",-.1,"",-2.5,"",4.2,"","S",0,"9"
"252170190","S£UPCA","2001","03","25",.8,"",-1.2,"",-.3,"",-2.8,"",2.5,"","S",2,""
"252170190","S£UPCA","2001","03","26",.5,"",-3.4,"",-1.4,"",-5.2,"",.0,"9","",3,""
"252170190","S£UPCA","2001","03","27",1.4,"",-6.2,"",-2.4,"",-12.0,"",.0,"9","",3,""
"252170190","S£UPCA","2001","03","28",4.1,"",-4.9,"",-.8,"",-9.6,"",.0,"9","",0,"9"
"252170190","S£UPCA","2001","03","29",6.7,"",-4.9,"",1.3,"",-6.7,"",.0,"9","",0,"9"
"252170190","S£UPCA","2001","03","30",9.8,"",2.4,"",6.0,"",-1.3,"",1.0,"","W",0,"9"
"252170190","S£UPCA","2001","03","31",11.5,"",5.5,"",7.7,"",2.1,"",1.2,"","W",0,"9"
"252170210","KÓRNIK","2001","03","01",5.4,"",-1.4,"",1.2,"",-1.9,"",.0,"9","",0,"9"
"252170210","KÓRNIK","2001","03","02",4.3,"",-2.8,"",.5,"",-4.9,"",.0,"","S",0,"9"
"252170210","KÓRNIK","2001","03","03",2.4,"",-2.0,"",.2,"",-4.7,"",.1,"","S",0,"9"
"252170210","KÓRNIK","2001","03","04",1.6,"",-1.5,"",.0,"",-2.2,"",4.6,"","S",0,"9"
"252170210","KÓRNIK","2001","03","05",2.5,"",-.4,"",.4,"",-.2,"",.7,"","S",2,""
"252170210","KÓRNIK","2001","03","06",4.4,"",-6.2,"",-2.3,"",-7.8,"",.0,"9","",1,""
"252170210","KÓRNIK","2001","03","07",8.0,"",-4.8,"",.5,"",-6.2,"",.0,"9","",0,"9"
"252170210","KÓRNIK","2001","03","08",10.5,"",.1,"",4.2,"",-1.6,"",.0,"9","",0,"9"
"252170210","KÓRNIK","2001","03","09",7.8,"",1.1,"",4.5,"",.8,"",.8,"","W",0,"9"
"252170210","KÓRNIK","2001","03","10",14.3,"",4.5,"",8.3,"",3.7,"",1.2,"","W",0,"9"
"252170210","KÓRNIK","2001","03","11",12.0,"",6.7,"",9.1,"",5.2,"",.0,"","W",0,"9"
"252170210","KÓRNIK","2001","03","12",17.2,"",6.0,"",10.9,"",3.3,"",9.3,"","W",0,"9"
"252170210","KÓRNIK","2001","03","13",13.3,"",5.4,"",7.8,"",4.2,"",1.9,"","W",0,"9"
"252170210","KÓRNIK","2001","03","14",8.8,"",2.4,"",5.1,"",-.1,"",4.4,"","W",0,"9"
"252170210","KÓRNIK","2001","03","15",9.5,"",2.5,"",4.7,"",.5,"",.2,"","W",0,"9"
"252170210","KÓRNIK","2001","03","16",11.0,"",-.6,"",3.8,"",-1.5,"",.2,"","W",0,"9"
"252170210","KÓRNIK","2001","03","17",5.7,"",-1.8,"",1.1,"",-6.8,"",.0,"","W",0,"9"
"252170210","KÓRNIK","2001","03","18",5.3,"",.8,"",2.6,"",-1.3,"",1.7,"","W",0,"9"
"252170210","KÓRNIK","2001","03","19",10.7,"",2.7,"",4.9,"",.4,"",10.7,"","S",0,"9"
"252170210","KÓRNIK","2001","03","20",3.2,"",-1.2,"",.2,"",-2.6,"",.3,"","S",1,""
"252170210","KÓRNIK","2001","03","21",3.2,"",-5.5,"",-1.7,"",-9.7,"",.0,"9","",0,"9"
"252170210","KÓRNIK","2001","03","22",3.2,"",-3.6,"",-.5,"",-5.2,"",2.1,"","S",0,"9"
"252170210","KÓRNIK","2001","03","23",3.9,"",-.6,"",1.3,"",-1.4,"",.4,"","S",3,""
"252170210","KÓRNIK","2001","03","24",2.0,"",-1.0,"",.1,"",-1.5,"",4.1,"","S",1,""
"252170210","KÓRNIK","2001","03","25",.8,"",-.8,"",-.3,"",-1.5,"",3.9,"","S",1,""
"252170210","KÓRNIK","2001","03","26",.7,"",-3.2,"",-1.6,"",-4.7,"",.2,"","S",5,""
"252170210","KÓRNIK","2001","03","27",1.3,"",-7.6,"",-3.3,"",-14.8,"",.0,"9","",3,""
"252170210","KÓRNIK","2001","03","28",5.1,"",-5.1,"",-.6,"",-10.5,"",.0,"9","",0,"9"
"252170210","KÓRNIK","2001","03","29",6.6,"",-2.4,"",1.8,"",-4.2,"",.0,"9","",0,"9"
"252170210","KÓRNIK","2001","03","30",9.9,"",3.2,"",6.2,"",2.3,"",.7,"","W",0,"9"
"252170210","KÓRNIK","2001","03","31",13.1,"",5.1,"",8.0,"",1.8,"",.3,"","W",0,"9"
"252180080","KO£UDA WIELKA","2001","03","01",2.2,"",-1.8,"",-.1,"",-4.6,"",.0,"","S",0,"9"
"252180080","KO£UDA WIELKA","2001","03","02",3.7,"",-2.0,"",.6,"",-4.9,"",.3,"","S",0,"9"
"252180080","KO£UDA WIELKA","2001","03","03",4.0,"",-3.7,"",-.4,"",-6.5,"",.0,"9","",0,"9"
"252180080","KO£UDA WIELKA","2001","03","04",1.0,"",-2.9,"",-.5,"",-4.9,"",8.1,"","S",0,"9"
"252180080","KO£UDA WIELKA","2001","03","05",1.4,"",-4.2,"",-1.4,"",-8.0,"",.0,"9","",6,""
"252180080","KO£UDA WIELKA","2001","03","06",3.1,"",-12.1,"",-5.4,"",-15.3,"",.0,"9","",5,""
"252180080","KO£UDA WIELKA","2001","03","07",5.7,"",-11.8,"",-2.7,"",-12.3,"",.0,"9","",3,""
"252180080","KO£UDA WIELKA","2001","03","08",8.9,"",.8,"",3.8,"",-1.3,"",.0,"9","",0,"9"
"252180080","KO£UDA WIELKA","2001","03","09",6.6,"",.9,"",3.4,"",.2,"",.9,"","W",0,"9"
"252180080","KO£UDA WIELKA","2001","03","10",13.2,"",4.6,"",7.9,"",3.2,"",1.2,"","W",0,"9"
"252180080","KO£UDA WIELKA","2001","03","11",12.6,"",6.6,"",8.9,"",5.7,"",.0,"9","",0,"9"
"252180080","KO£UDA WIELKA","2001","03","12",15.1,"",4.8,"",9.8,"",2.8,"",8.0,"","W",0,"9"
"252180080","KO£UDA WIELKA","2001","03","13",13.1,"",5.1,"",7.7,"",5.3,"",2.8,"","W",0,"9"
"252180080","KO£UDA WIELKA","2001","03","14",8.3,"",2.3,"",4.7,"",.0,"",2.6,"","W",0,"9"
"252180080","KO£UDA WIELKA","2001","03","15",7.9,"",2.2,"",4.1,"",-.6,"",.6,"","W",0,"9"
"252180080","KO£UDA WIELKA","2001","03","16",8.3,"",-1.0,"",2.5,"",-2.9,"",.0,"9","",0,"9"
"252180080","KO£UDA WIELKA","2001","03","17",3.6,"",-3.0,"",.1,"",-4.1,"",.0,"9","",0,"9"
"252180080","KO£UDA WIELKA","2001","03","18",4.3,"",.3,"",2.1,"",-.3,"",1.0,"","W",0,"9"
"252180080","KO£UDA WIELKA","2001","03","19",7.0,"",1.1,"",3.5,"",.8,"",8.2,"","S",0,"9"
"252180080","KO£UDA WIELKA","2001","03","20",4.3,"",-1.6,"",.2,"",-1.8,"",1.1,"","S",2,""
"252180080","KO£UDA WIELKA","2001","03","21",1.4,"",-5.2,"",-2.0,"",-7.0,"",.0,"9","",0,"9"
"252180080","KO£UDA WIELKA","2001","03","22",3.6,"",-4.2,"",-.4,"",-7.2,"",.1,"","S",0,"9"
"252180080","KO£UDA WIELKA","2001","03","23",4.2,"",-1.0,"",1.2,"",-1.3,"",.0,"9","",0,""
"252180080","KO£UDA WIELKA","2001","03","24",2.7,"",-1.2,"",.0,"",-2.3,"",3.4,"","S",0,"9"
"252180080","KO£UDA WIELKA","2001","03","25",2.1,"",-1.0,"",.3,"",-1.1,"",.0,"9","",5,""
"252180080","KO£UDA WIELKA","2001","03","26",1.1,"",-2.5,"",-1.1,"",-3.7,"",.0,"9","",2,""
"252180080","KO£UDA WIELKA","2001","03","27",1.8,"",-5.2,"",-1.9,"",-9.1,"",.0,"9","",0,"9"
"252180080","KO£UDA WIELKA","2001","03","28",4.7,"",-5.0,"",-.7,"",-8.3,"",.0,"9","",0,"9"
"252180080","KO£UDA WIELKA","2001","03","29",5.4,"",-2.5,"",1.3,"",-4.2,"",.0,"9","",0,"9"
"252180080","KO£UDA WIELKA","2001","03","30",8.6,"",1.4,"",5.0,"",.7,"",2.8,"","W",0,"9"
"252180080","KO£UDA WIELKA","2001","03","31",11.8,"",5.3,"",7.6,"",3.4,"",1.1,"","W",0,"9"
"252190030","G£ODOWO","2001","03","01",2.1,"",-3.0,"",-.9,"",-5.0,"",.6,"","S",1,""
"252190030","G£ODOWO","2001","03","02",4.2,"",-5.1,"",-.9,"",-11.3,"",.0,"","S",1,""
"252190030","G£ODOWO","2001","03","03",3.0,"",-3.9,"",-.7,"",-6.6,"",.2,"","S",0,"9"
"252190030","G£ODOWO","2001","03","04",1.2,"",-2.2,"",-.5,"",-4.9,"",6.6,"","S",0,"9"
"252190030","G£ODOWO","2001","03","05",1.0,"",-2.7,"",-1.3,"",-7.1,"",.0,"9","",3,""
"252190030","G£ODOWO","2001","03","06",3.0,"",-12.3,"",-6.3,"",-15.6,"",.0,"9","",2,""
"252190030","G£ODOWO","2001","03","07",6.5,"",-9.2,"",-2.2,"",-12.3,"",.0,"9","",1,""
"252190030","G£ODOWO","2001","03","08",8.4,"",-.3,"",3.3,"",-3.9,"",.0,"9","",0,"9"
"252190030","G£ODOWO","2001","03","09",6.6,"",.6,"",3.3,"",-1.0,"",.1,"","W",0,"9"
"252190030","G£ODOWO","2001","03","10",13.5,"",2.9,"",6.9,"",-.8,"",1.2,"","W",0,"9"
"252190030","G£ODOWO","2001","03","11",12.6,"",4.2,"",7.9,"",1.4,"",.0,"9","",0,"9"
"252190030","G£ODOWO","2001","03","12",14.5,"",3.8,"",9.2,"",.9,"",3.4,"","W",0,"9"
"252190030","G£ODOWO","2001","03","13",12.0,"",4.4,"",7.1,"",4.6,"",5.7,"","W",0,"9"
"252190030","G£ODOWO","2001","03","14",8.6,"",.5,"",3.8,"",-2.7,"",2.8,"","W",0,"9"
"252190030","G£ODOWO","2001","03","15",8.0,"",.0,"",2.9,"",-2.2,"",2.4,"","S",0,"9"
"252190030","G£ODOWO","2001","03","16",7.6,"",-.3,"",3.4,"",-4.2,"",1.9,"","S",0,"9"
"252190030","G£ODOWO","2001","03","17",5.3,"",-2.0,"",.8,"",-1.7,"",.0,"9","",0,"9"
"252190030","G£ODOWO","2001","03","18",4.2,"",-.6,"",1.5,"",-1.4,"",.0,"9","",0,"9"
"252190030","G£ODOWO","2001","03","19",6.0,"",.2,"",2.8,"",-.1,"",7.2,"","S",0,"9"
"252190030","G£ODOWO","2001","03","20",3.7,"",-1.9,"",-.2,"",-1.8,"",.4,"","S",2,""
"252190030","G£ODOWO","2001","03","21",1.4,"",-5.2,"",-2.5,"",-6.1,"",.0,"9","",1,""
"252190030","G£ODOWO","2001","03","22",3.6,"",-6.3,"",-1.5,"",-8.8,"",.0,"9","",0,"9"
"252190030","G£ODOWO","2001","03","23",4.3,"",-1.6,"",.5,"",-4.7,"",.0,"9","",0,"9"
"252190030","G£ODOWO","2001","03","24",2.4,"",-3.8,"",-1.1,"",-5.2,"",.7,"","S",0,"9"
"252190030","G£ODOWO","2001","03","25",2.4,"",-1.8,"",.0,"",-2.7,"",.0,"9","",1,""
"252190030","G£ODOWO","2001","03","26",1.7,"",-2.8,"",-1.1,"",-2.9,"",.0,"9","",0,"9"
"252190030","G£ODOWO","2001","03","27",2.6,"",-6.0,"",-2.3,"",-7.8,"",.0,"9","",0,"9"
"252190030","G£ODOWO","2001","03","28",5.7,"",-5.2,"",-.6,"",-7.5,"",.0,"9","",0,"9"
"252190030","G£ODOWO","2001","03","29",6.6,"",-3.5,"",1.1,"",-7.5,"",.0,"9","",0,"9"
"252190030","G£ODOWO","2001","03","30",8.8,"",.0,"",4.3,"",-.7,"",.8,"","W",0,"9"
"252190030","G£ODOWO","2001","03","31",10.2,"",2.5,"",5.7,"",1.9,"",2.9,"","W",0,"9"
"252200060","POŒWIÊTNE","2001","03","01",2.0,"",-5.6,"",-1.7,"",-7.2,"",.0,"9","",1,""
"252200060","POŒWIÊTNE","2001","03","02",4.1,"",-1.9,"",.1,"",-4.4,"",.4,"","S",1,""
"252200060","POŒWIÊTNE","2001","03","03",1.8,"",-3.7,"",-1.1,"",-6.8,"",.5,"","S",0,"9"
"252200060","POŒWIÊTNE","2001","03","04",1.0,"",.2,"",.4,"",-.8,"",5.6,"","S",0,"9"
"252200060","POŒWIÊTNE","2001","03","05",.6,"",-3.4,"",-1.8,"",-5.0,"",.0,"9","",2,""
"252200060","POŒWIÊTNE","2001","03","06",2.9,"",-7.6,"",-3.4,"",-12.1,"",.0,"9","",1,""
"252200060","POŒWIÊTNE","2001","03","07",4.3,"",-5.1,"",-.9,"",-8.2,"",.0,"9","",0,"9"
"252200060","POŒWIÊTNE","2001","03","08",8.5,"",-1.0,"",2.3,"",-4.2,"",.0,"9","",0,"9"
"252200060","POŒWIÊTNE","2001","03","09",7.7,"",.7,"",4.1,"",-1.6,"",.2,"","W",0,"9"
"252200060","POŒWIÊTNE","2001","03","10",14.2,"",3.5,"",8.4,"",.2,"",.0,"9","",0,"9"
"252200060","POŒWIÊTNE","2001","03","11",11.8,"",5.8,"",8.9,"",3.4,"",.0,"9","",0,"9"
"252200060","POŒWIÊTNE","2001","03","12",17.4,"",6.7,"",10.7,"",4.2,"",1.5,"","W",0,"9"
"252200060","POŒWIÊTNE","2001","03","13",12.0,"",5.9,"",8.6,"",5.2,"",.0,"9","",0,"9"
"252200060","POŒWIÊTNE","2001","03","14",7.7,"",3.4,"",5.0,"",-.6,"",1.0,"","W",0,"9"
"252200060","POŒWIÊTNE","2001","03","15",8.1,"",1.6,"",3.8,"",-.7,"",1.1,"","S",0,"9"
"252200060","POŒWIÊTNE","2001","03","16",7.8,"",.0,"",3.9,"",1.3,"",.0,"9","",0,"9"
"252200060","POŒWIÊTNE","2001","03","17",5.6,"",-.9,"",1.7,"",-2.7,"",.0,"9","",0,"9"
"252200060","POŒWIÊTNE","2001","03","18",3.7,"",.1,"",1.7,"",-.9,"",.0,"9","",0,"9"
"252200060","POŒWIÊTNE","2001","03","19",5.9,"",.7,"",3.4,"",-.2,"",2.4,"","S",0,"9"
"252200060","POŒWIÊTNE","2001","03","20",5.9,"",-1.4,"",.8,"",-3.3,"",2.8,"","S",1,""
"252200060","POŒWIÊTNE","2001","03","21",.8,"",-3.0,"",-1.5,"",-5.4,"",.0,"9","",2,""
"252200060","POŒWIÊTNE","2001","03","22",3.1,"",-5.9,"",-1.6,"",-9.2,"",.0,"9","",1,""
"252200060","POŒWIÊTNE","2001","03","23",3.1,"",-1.5,"",.3,"",-5.5,"",.0,"9","",0,"9"
"252200060","POŒWIÊTNE","2001","03","24",3.1,"",-4.0,"",-1.0,"",-6.8,"",.9,"","S",0,"9"
"252200060","POŒWIÊTNE","2001","03","25",1.8,"",-1.0,"",.5,"",-2.3,"",.0,"9","",1,""
"252200060","POŒWIÊTNE","2001","03","26",1.8,"",-2.7,"",-.9,"",-3.5,"",.0,"9","",0,"9"
"252200060","POŒWIÊTNE","2001","03","27",1.8,"",-5.4,"",-1.7,"",-7.5,"",.0,"9","",0,"9"
"252200060","POŒWIÊTNE","2001","03","28",6.0,"",-5.6,"",.2,"",-10.5,"",.0,"9","",0,"9"
"252200060","POŒWIÊTNE","2001","03","29",5.2,"",-4.4,"",.6,"",-9.9,"",.0,"9","",0,"9"
"252200060","POŒWIÊTNE","2001","03","30",8.4,"",-.2,"",4.4,"",-1.8,"",.0,"9","",0,"9"
"252200060","POŒWIÊTNE","2001","03","31",8.4,"",1.5,"",4.8,"",-.1,"",.0,"9","",0,"9"
"252200120","LEGIONOWO","2001","03","01",3.9,"",-6.7,"",-1.8,"",-9.1,"",.0,"","W",2,""
"252200120","LEGIONOWO","2001","03","02",5.8,"",-1.9,"",.7,"",-4.1,"",.6,"","S",1,""
"252200120","LEGIONOWO","2001","03","03",3.1,"",-4.1,"",-.9,"",-5.0,"",1.9,"","S",1,""
"252200120","LEGIONOWO","2001","03","04",2.7,"",-.1,"",.9,"",-.5,"",7.0,"","S",0,"9"
"252200120","LEGIONOWO","2001","03","05",1.8,"",-.5,"",.4,"",-1.8,"",.0,"9","",1,""
"252200120","LEGIONOWO","2001","03","06",6.0,"",-6.0,"",-1.4,"",-7.2,"",.0,"9","",1,""
"252200120","LEGIONOWO","2001","03","07",8.1,"",-6.2,"",-.2,"",-7.2,"",.0,"9","",0,"9"
"252200120","LEGIONOWO","2001","03","08",8.9,"",-1.9,"",2.2,"",-2.6,"",.0,"9","",0,"9"
"252200120","LEGIONOWO","2001","03","09",10.5,"",-1.2,"",4.7,"",-2.1,"",.0,"9","",0,"9"
"252200120","LEGIONOWO","2001","03","10",14.5,"",5.4,"",9.1,"",3.3,"",.0,"9","",0,"9"
"252200120","LEGIONOWO","2001","03","11",13.9,"",4.6,"",8.7,"",2.7,"",.0,"9","",0,"9"
"252200120","LEGIONOWO","2001","03","12",16.8,"",7.4,"",11.3,"",5.7,"",.4,"","W",0,"9"
"252200120","LEGIONOWO","2001","03","13",13.9,"",7.1,"",9.6,"",6.8,"",.3,"","W",0,"9"
"252200120","LEGIONOWO","2001","03","14",10.6,"",3.4,"",5.6,"",1.0,"",.0,"","W",0,"9"
"252200120","LEGIONOWO","2001","03","15",8.4,"",1.6,"",4.4,"",.7,"",.0,"","W",0,"9"
"252200120","LEGIONOWO","2001","03","16",8.3,"",.8,"",4.1,"",-.5,"",.0,"","W",0,"9"
"252200120","LEGIONOWO","2001","03","17",5.8,"",-1.7,"",1.5,"",-3.6,"",.0,"9","",0,"9"
"252200120","LEGIONOWO","2001","03","18",4.6,"",.0,"",2.0,"",.5,"",.0,"9","",0,"9"
"252200120","LEGIONOWO","2001","03","19",6.0,"",.3,"",3.5,"",.3,"",9.3,"","S",0,"9"
"252200120","LEGIONOWO","2001","03","20",6.5,"",-1.2,"",1.2,"",-1.6,"",2.3,"","S",0,""
"252200120","LEGIONOWO","2001","03","21",1.4,"",-3.1,"",-1.0,"",-4.5,"",.0,"9","",2,""
"252200120","LEGIONOWO","2001","03","22",3.7,"",-7.2,"",-2.5,"",-8.2,"",.0,"9","",0,"9"
"252200120","LEGIONOWO","2001","03","23",4.8,"",-2.9,"",.3,"",-4.6,"",.0,"9","",0,"9"
"252200120","LEGIONOWO","2001","03","24",4.4,"",-5.2,"",-.9,"",-6.5,"",2.1,"","S",0,"9"
"252200120","LEGIONOWO","2001","03","25",1.1,"",-1.2,"",-.4,"",-1.6,"",.4,"","S",2,""
"252200120","LEGIONOWO","2001","03","26",1.0,"",-2.6,"",-1.1,"",-3.1,"",.0,"9","",3,""
"252200120","LEGIONOWO","2001","03","27",2.7,"",-4.5,"",-1.2,"",-6.2,"",.0,"9","",1,""
"252200120","LEGIONOWO","2001","03","28",5.8,"",-5.2,"",-.5,"",-6.8,"",.0,"9","",0,"9"
"252200120","LEGIONOWO","2001","03","29",6.4,"",-4.9,"",.8,"",-6.4,"",.0,"9","",0,"9"
"252200120","LEGIONOWO","2001","03","30",9.8,"",.0,"",4.3,"",-.4,"",.0,"9","",0,"9"
"252200120","LEGIONOWO","2001","03","31",9.9,"",1.3,"",5.7,"",-.5,"",.0,"9","",0,"9"
"252200150","WARSZAWA-BIELANY","2001","03","01",4.4,"",-4.9,"",-.9,"",-7.2,"",1.3,"","W",3,""
"252200150","WARSZAWA-BIELANY","2001","03","02",6.0,"",-1.0,"",1.4,"",-3.2,"",1.4,"","S",2,""
"252200150","WARSZAWA-BIELANY","2001","03","03",3.5,"",-2.5,"",.1,"",-6.7,"",2.5,"","S",1,""
"252200150","WARSZAWA-BIELANY","2001","03","04",2.5,"",.4,"",1.1,"",-.2,"",8.5,"","S",0,"9"
"252200150","WARSZAWA-BIELANY","2001","03","05",2.2,"",-.5,"",.7,"",-1.7,"",.0,"9","",1,""
"252200150","WARSZAWA-BIELANY","2001","03","06",5.5,"",-5.1,"",-.8,"",-7.7,"",.0,"9","",0,"9"
"252200150","WARSZAWA-BIELANY","2001","03","07",8.2,"",-3.6,"",1.7,"",-7.2,"",.0,"9","",0,"9"
"252200150","WARSZAWA-BIELANY","2001","03","08",8.3,"",-.5,"",3.5,"",-4.1,"",.0,"9","",0,"9"
"252200150","WARSZAWA-BIELANY","2001","03","09",11.0,"",1.5,"",6.3,"",-2.2,"",.0,"9","",0,"9"
"252200150","WARSZAWA-BIELANY","2001","03","10",14.3,"",5.9,"",9.5,"",2.8,"",.0,"9","",0,"9"
"252200150","WARSZAWA-BIELANY","2001","03","11",14.0,"",5.9,"",9.4,"",3.3,"",.0,"9","",0,"9"
"252200150","WARSZAWA-BIELANY","2001","03","12",17.0,"",7.9,"",11.9,"",6.6,"",.3,"","W",0,"9"
"252200150","WARSZAWA-BIELANY","2001","03","13",14.4,"",6.9,"",9.9,"",6.5,"",.5,"","W",0,"9"
"252200150","WARSZAWA-BIELANY","2001","03","14",10.1,"",5.0,"",6.7,"",1.4,"",.0,"9","",0,"9"
"252200150","WARSZAWA-BIELANY","2001","03","15",8.0,"",2.1,"",4.5,"",.2,"",1.4,"","W",0,"9"
"252200150","WARSZAWA-BIELANY","2001","03","16",9.0,"",1.1,"",4.5,"",-1.7,"",.0,"9","",0,"9"
"252200150","WARSZAWA-BIELANY","2001","03","17",6.4,"",-.6,"",2.2,"",-4.2,"",.0,"9","",0,"9"
"252200150","WARSZAWA-BIELANY","2001","03","18",4.5,"",.6,"",2.3,"",.4,"",.0,"9","",0,"9"
"252200150","WARSZAWA-BIELANY","2001","03","19",6.2,"",1.9,"",4.2,"",1.3,"",10.0,"","S",0,"9"
"252200150","WARSZAWA-BIELANY","2001","03","20",6.0,"",-1.1,"",1.2,"",-1.2,"",3.8,"","S",0,""
"252200150","WARSZAWA-BIELANY","2001","03","21",1.0,"",-3.3,"",-1.1,"",-4.3,"",.0,"9","",4,""
"252200150","WARSZAWA-BIELANY","2001","03","22",3.7,"",-5.2,"",-1.0,"",-7.3,"",.0,"9","",2,""
"252200150","WARSZAWA-BIELANY","2001","03","23",5.0,"",-2.3,"",.7,"",-5.2,"",.0,"9","",0,"9"
"252200150","WARSZAWA-BIELANY","2001","03","24",3.6,"",-4.0,"",-.7,"",-5.7,"",3.3,"","S",0,"9"
"252200150","WARSZAWA-BIELANY","2001","03","25",1.5,"",-.9,"",-.1,"",-1.2,"",1.8,"","S",3,""
"252200150","WARSZAWA-BIELANY","2001","03","26",1.2,"",-3.1,"",-1.2,"",-3.1,"",.0,"9","",5,""
"252200150","WARSZAWA-BIELANY","2001","03","27",2.5,"",-4.6,"",-1.1,"",-5.4,"",.0,"9","",3,""
"252200150","WARSZAWA-BIELANY","2001","03","28",6.1,"",-5.2,"",.2,"",-6.8,"",.0,"9","",0,"9"
"252200150","WARSZAWA-BIELANY","2001","03","29",6.3,"",-3.5,"",1.1,"",-5.5,"",.0,"9","",0,"9"
"252200150","WARSZAWA-BIELANY","2001","03","30",10.0,"",.6,"",4.7,"",-.2,"",.0,"9","",0,"9"
"252200150","WARSZAWA-BIELANY","2001","03","31",9.9,"",1.4,"",5.6,"",-.5,"",.0,"9","",0,"9"
"252210050","PU£TUSK","2001","03","01",3.5,"",-5.6,"",-1.4,"",-6.1,"",.0,"","W",0,"9"
"252210050","PU£TUSK","2001","03","02",5.4,"",-2.6,"",.3,"",-4.0,"",.0,"","S",0,"9"
"252210050","PU£TUSK","2001","03","03",3.5,"",-3.6,"",-.5,"",-4.0,"",.4,"","S",0,"9"
"252210050","PU£TUSK","2001","03","04",1.0,"",.0,"",.4,"",-1.0,"",6.5,"","S",0,""
"252210050","PU£TUSK","2001","03","05",1.0,"",-1.0,"",-.2,"",-2.5,"",.0,"9","",0,""
"252210050","PU£TUSK","2001","03","06",3.5,"",-7.2,"",-3.1,"",-8.1,"",.0,"9","",0,"9"
"252210050","PU£TUSK","2001","03","07",5.9,"",-6.6,"",-1.4,"",-8.6,"",.0,"9","",0,"9"
"252210050","PU£TUSK","2001","03","08",7.4,"",-3.6,"",1.1,"",-5.1,"",.0,"9","",0,"9"
"252210050","PU£TUSK","2001","03","09",8.4,"",.0,"",4.2,"",-2.5,"",.0,"9","",0,"9"
"252210050","PU£TUSK","2001","03","10",14.4,"",4.9,"",8.7,"",4.0,"",.0,"9","",0,"9"
"252210050","PU£TUSK","2001","03","11",14.4,"",4.4,"",8.5,"",2.9,"",.0,"9","",0,"9"
"252210050","PU£TUSK","2001","03","12",16.4,"",6.6,"",10.8,"",5.9,"",2.2,"","W",0,"9"
"252210050","PU£TUSK","2001","03","13",12.9,"",5.3,"",8.3,"",4.7,"",.5,"","W",0,"9"
"252210050","PU£TUSK","2001","03","14",10.4,"",3.9,"",5.9,"",2.9,"",.0,"9","",0,"9"
"252210050","PU£TUSK","2001","03","15",7.9,"",2.4,"",4.4,"",.5,"",.4,"","W",0,"9"
"252210050","PU£TUSK","2001","03","16",7.4,"",1.0,"",4.2,"",-1.5,"",.0,"9","",0,"9"
"252210050","PU£TUSK","2001","03","17",6.3,"",-1.0,"",1.7,"",-4.0,"",.0,"9","",0,"9"
"252210050","PU£TUSK","2001","03","18",4.4,"",-.2,"",1.6,"",-1.0,"",.0,"9","",0,"9"
"252210050","PU£TUSK","2001","03","19",4.4,"",.0,"",2.4,"",-.5,"",4.0,"","W",0,"9"
"252210050","PU£TUSK","2001","03","20",4.4,"",-1.5,"",.6,"",-2.0,"",4.5,"","S",0,"9"
"252210050","PU£TUSK","2001","03","21",2.0,"",-2.6,"",-.8,"",-4.0,"",.0,"9","",2,""
"252210050","PU£TUSK","2001","03","22",3.0,"",-6.7,"",-2.1,"",-9.1,"",.0,"9","",0,"9"
"252210050","PU£TUSK","2001","03","23",5.9,"",-3.6,"",-.2,"",-6.6,"",.0,"9","",0,"9"
"252210050","PU£TUSK","2001","03","24",4.0,"",-7.0,"",-1.4,"",-9.6,"",.0,"","S",0,"9"
"252210050","PU£TUSK","2001","03","25",2.5,"",-.5,"",.9,"",-.5,"",.0,"9","",0,"9"
"252210050","PU£TUSK","2001","03","26",3.0,"",-2.6,"",-.7,"",-2.5,"",.0,"9","",0,"9"
"252210050","PU£TUSK","2001","03","27",3.0,"",-5.6,"",-1.7,"",-8.1,"",.0,"9","",0,"9"
"252210050","PU£TUSK","2001","03","28",6.9,"",-7.4,"",-.3,"",-10.6,"",.0,"9","",0,"9"
"252210050","PU£TUSK","2001","03","29",6.4,"",-5.1,"",.8,"",-9.6,"",.0,"9","",0,"9"
"252210050","PU£TUSK","2001","03","30",8.5,"",-.5,"",3.8,"",-1.0,"",.0,"9","",0,"9"
"252210050","PU£TUSK","2001","03","31",9.4,"",-.5,"",4.4,"",-2.0,"",.0,"9","",0,"9"
"252210160","WARSZAWA-OBSERWATORIUM","2001","03","01",4.8,"",-5.5,"",-1.0,"",.0,"8",1.5,"","S",1,""
"252210160","WARSZAWA-OBSERWATORIUM","2001","03","02",6.3,"",-.8,"",1.5,"",.0,"8",.9,"","S",2,""
"252210160","WARSZAWA-OBSERWATORIUM","2001","03","03",5.8,"",-2.3,"",.7,"",.0,"8",2.7,"","S",1,""
"252210160","WARSZAWA-OBSERWATORIUM","2001","03","04",5.2,"",.1,"",1.6,"",.0,"8",9.0,"","S",0,""
"252210160","WARSZAWA-OBSERWATORIUM","2001","03","05",5.2,"",-.4,"",1.5,"",.0,"8",.0,"9","",1,""
"252210160","WARSZAWA-OBSERWATORIUM","2001","03","06",6.8,"",-4.0,"",.1,"",.0,"8",.0,"9","",0,"9"
"252210160","WARSZAWA-OBSERWATORIUM","2001","03","07",10.3,"",-3.3,"",2.3,"",.0,"8",.0,"9","",0,"9"
"252210160","WARSZAWA-OBSERWATORIUM","2001","03","08",7.3,"",-.5,"",2.8,"",.0,"8",.0,"9","",0,"9"
"252210160","WARSZAWA-OBSERWATORIUM","2001","03","09",10.6,"",.8,"",5.8,"",.0,"8",.0,"9","",0,"9"
"252210160","WARSZAWA-OBSERWATORIUM","2001","03","10",14.3,"",5.9,"",9.2,"",.0,"8",.0,"9","",0,"9"
"252210160","WARSZAWA-OBSERWATORIUM","2001","03","11",14.5,"",6.1,"",9.5,"",.0,"8",.0,"9","",0,"9"
"252210160","WARSZAWA-OBSERWATORIUM","2001","03","12",16.6,"",8.1,"",11.7,"",.0,"8",.4,"","W",0,"9"
"252210160","WARSZAWA-OBSERWATORIUM","2001","03","13",13.9,"",7.5,"",9.8,"",.0,"8",.7,"","W",0,"9"
"252210160","WARSZAWA-OBSERWATORIUM","2001","03","14",10.4,"",5.3,"",6.9,"",.0,"8",.0,"9","",0,"9"
"252210160","WARSZAWA-OBSERWATORIUM","2001","03","15",8.3,"",2.8,"",4.9,"",.0,"8",.5,"","W",0,"9"
"252210160","WARSZAWA-OBSERWATORIUM","2001","03","16",7.9,"",1.3,"",4.3,"",.0,"8",.0,"9","",0,"9"
"252210160","WARSZAWA-OBSERWATORIUM","2001","03","17",6.4,"",-.2,"",2.4,"",.0,"8",.0,"9","",0,"9"
"252210160","WARSZAWA-OBSERWATORIUM","2001","03","18",4.7,"",1.2,"",2.9,"",.0,"8",.0,"9","",0,"9"
"252210160","WARSZAWA-OBSERWATORIUM","2001","03","19",6.3,"",1.7,"",4.1,"",.0,"8",13.4,"","S",0,"9"
"252210160","WARSZAWA-OBSERWATORIUM","2001","03","20",6.3,"",-.9,"",1.3,"",.0,"8",4.3,"","S",2,""
"252210160","WARSZAWA-OBSERWATORIUM","2001","03","21",.8,"",-2.9,"",-1.1,"",.0,"8",.0,"9","",4,""
"252210160","WARSZAWA-OBSERWATORIUM","2001","03","22",3.7,"",-3.8,"",-.7,"",.0,"8",.0,"9","",4,""
"252210160","WARSZAWA-OBSERWATORIUM","2001","03","23",4.8,"",-1.7,"",.8,"",.0,"8",.0,"9","",0,"9"
"252210160","WARSZAWA-OBSERWATORIUM","2001","03","24",3.7,"",-3.2,"",-.4,"",.0,"8",3.7,"","S",0,"9"
"252210160","WARSZAWA-OBSERWATORIUM","2001","03","25",1.0,"",-.9,"",.0,"",.0,"8",2.5,"","S",4,""
"252210160","WARSZAWA-OBSERWATORIUM","2001","03","26",2.2,"",-3.2,"",-1.2,"",.0,"8",.0,"","S",5,""
"252210160","WARSZAWA-OBSERWATORIUM","2001","03","27",2.5,"",-4.1,"",-.6,"",.0,"8",.0,"9","",5,""
"252210160","WARSZAWA-OBSERWATORIUM","2001","03","28",5.9,"",-3.7,"",.2,"",.0,"8",.0,"9","",3,""
"252210160","WARSZAWA-OBSERWATORIUM","2001","03","29",6.5,"",-4.1,"",.9,"",.0,"8",.0,"9","",0,"9"
"252210160","WARSZAWA-OBSERWATORIUM","2001","03","30",10.2,"",.6,"",4.5,"",.0,"8",.0,"9","",0,"9"
"252210160","WARSZAWA-OBSERWATORIUM","2001","03","31",10.2,"",1.2,"",5.6,"",.0,"8",.0,"9","",0,"9"
"252210170","WARSZAWA-OBSERWATORIUM II","2001","03","01",3.9,"",-6.4,"",-1.4,"",.0,"8",1.5,"","",0,"8"
"252210170","WARSZAWA-OBSERWATORIUM II","2001","03","02",5.6,"",-1.3,"",1.1,"",.0,"8",.9,"","",0,"8"
"252210170","WARSZAWA-OBSERWATORIUM II","2001","03","03",3.0,"",-3.4,"",-.5,"",.0,"8",2.7,"","",0,"8"
"252210170","WARSZAWA-OBSERWATORIUM II","2001","03","04",1.9,"",.0,"",.7,"",.0,"8",9.0,"","",0,"8"
"252210170","WARSZAWA-OBSERWATORIUM II","2001","03","05",2.0,"",-.4,"",.7,"",.0,"8",.0,"9","",0,"8"
"252210170","WARSZAWA-OBSERWATORIUM II","2001","03","06",4.9,"",-4.8,"",-.7,"",.0,"8",.0,"9","",0,"8"
"252210170","WARSZAWA-OBSERWATORIUM II","2001","03","07",7.4,"",-4.8,"",1.2,"",.0,"8",.0,"9","",0,"8"
"252210170","WARSZAWA-OBSERWATORIUM II","2001","03","08",7.2,"",-1.5,"",2.5,"",.0,"8",.0,"9","",0,"8"
"252210170","WARSZAWA-OBSERWATORIUM II","2001","03","09",10.8,"",.5,"",5.7,"",.0,"8",.0,"9","",0,"8"
"252210170","WARSZAWA-OBSERWATORIUM II","2001","03","10",13.5,"",4.8,"",8.4,"",.0,"8",.0,"9","",0,"8"
"252210170","WARSZAWA-OBSERWATORIUM II","2001","03","11",13.8,"",5.1,"",8.9,"",.0,"8",.0,"9","",0,"8"
"252210170","WARSZAWA-OBSERWATORIUM II","2001","03","12",16.8,"",7.4,"",11.4,"",.0,"8",.4,"","",0,"8"
"252210170","WARSZAWA-OBSERWATORIUM II","2001","03","13",13.6,"",7.2,"",9.7,"",.0,"8",.7,"","",0,"8"
"252210170","WARSZAWA-OBSERWATORIUM II","2001","03","14",10.5,"",4.2,"",6.5,"",.0,"8",.0,"9","",0,"8"
"252210170","WARSZAWA-OBSERWATORIUM II","2001","03","15",7.8,"",2.4,"",4.6,"",.0,"8",.5,"","",0,"8"
"252210170","WARSZAWA-OBSERWATORIUM II","2001","03","16",8.3,"",1.0,"",4.3,"",.0,"8",.0,"9","",0,"8"
"252210170","WARSZAWA-OBSERWATORIUM II","2001","03","17",6.2,"",-.6,"",2.3,"",.0,"8",.0,"9","",0,"8"
"252210170","WARSZAWA-OBSERWATORIUM II","2001","03","18",4.6,"",.9,"",2.6,"",.0,"8",.0,"9","",0,"8"
"252210170","WARSZAWA-OBSERWATORIUM II","2001","03","19",6.1,"",1.2,"",4.0,"",.0,"8",13.4,"","",0,"8"
"252210170","WARSZAWA-OBSERWATORIUM II","2001","03","20",6.4,"",-1.4,"",1.1,"",.0,"8",4.3,"","",0,"8"
"252210170","WARSZAWA-OBSERWATORIUM II","2001","03","21",1.4,"",-3.5,"",-1.1,"",.0,"8",.0,"9","",0,"8"
"252210170","WARSZAWA-OBSERWATORIUM II","2001","03","22",2.9,"",-5.0,"",-1.1,"",.0,"8",.0,"9","",0,"8"
"252210170","WARSZAWA-OBSERWATORIUM II","2001","03","23",4.4,"",-2.3,"",.6,"",.0,"8",.0,"9","",0,"8"
"252210170","WARSZAWA-OBSERWATORIUM II","2001","03","24",3.7,"",-3.9,"",-.5,"",.0,"8",3.7,"","",0,"8"
"252210170","WARSZAWA-OBSERWATORIUM II","2001","03","25",1.3,"",-1.4,"",.0,"",.0,"8",2.5,"","",0,"8"
"252210170","WARSZAWA-OBSERWATORIUM II","2001","03","26",2.2,"",-3.5,"",-1.1,"",.0,"8",.0,"9","",0,"8"
"252210170","WARSZAWA-OBSERWATORIUM II","2001","03","27",2.6,"",-4.5,"",-.7,"",.0,"8",.0,"9","",0,"8"
"252210170","WARSZAWA-OBSERWATORIUM II","2001","03","28",5.4,"",-4.0,"",-.2,"",.0,"8",.0,"9","",0,"8"
"252210170","WARSZAWA-OBSERWATORIUM II","2001","03","29",6.0,"",-4.8,"",.7,"",.0,"8",.0,"9","",0,"8"
"252210170","WARSZAWA-OBSERWATORIUM II","2001","03","30",9.5,"",.1,"",4.2,"",.0,"8",.0,"9","",0,"8"
"252210170","WARSZAWA-OBSERWATORIUM II","2001","03","31",10.0,"",1.0,"",5.3,"",.0,"8",.0,"9","",0,"8"
"252220030","SZEPIETOWO","2001","03","01",2.1,"",-8.6,"",-2.8,"",-12.4,"",3.7,"","S",0,"9"
"252220030","SZEPIETOWO","2001","03","02",3.6,"",-2.0,"",.5,"",-3.7,"",1.1,"","W",3,""
"252220030","SZEPIETOWO","2001","03","03",2.6,"",-6.1,"",-1.5,"",-12.0,"",.0,"9","",2,""
"252220030","SZEPIETOWO","2001","03","04",3.1,"",-2.5,"",.1,"",-6.8,"",3.7,"","S",0,"9"
"252220030","SZEPIETOWO","2001","03","05",.2,"",-2.0,"",-.8,"",-4.7,"",.0,"9","",2,""
"252220030","SZEPIETOWO","2001","03","06",3.1,"",-9.6,"",-2.9,"",-13.4,"",.0,"9","",2,""
"252220030","SZEPIETOWO","2001","03","07",5.0,"",-8.6,"",-.9,"",-15.3,"",.0,"9","",0,"9"
"252220030","SZEPIETOWO","2001","03","08",5.0,"",-4.6,"",.9,"",-10.0,"",.0,"9","",0,"9"
"252220030","SZEPIETOWO","2001","03","09",5.0,"",.0,"",2.2,"",-5.8,"",.0,"9","",0,"9"
"252220030","SZEPIETOWO","2001","03","10",11.9,"",2.0,"",7.0,"",-.5,"",.0,"9","",0,"9"
"252220030","SZEPIETOWO","2001","03","11",12.9,"",2.0,"",7.1,"",-2.6,"",.0,"9","",0,"9"
"252220030","SZEPIETOWO","2001","03","12",15.2,"",4.4,"",9.8,"",1.5,"",1.1,"","W",0,"9"
"252220030","SZEPIETOWO","2001","03","13",14.4,"",6.9,"",9.4,"",2.9,"",.6,"","W",0,"9"
"252220030","SZEPIETOWO","2001","03","14",11.0,"",2.9,"",6.1,"",2.5,"",.0,"9","",0,"9"
"252220030","SZEPIETOWO","2001","03","15",7.1,"",.5,"",4.0,"",-3.7,"",.0,"9","",0,"9"
"252220030","SZEPIETOWO","2001","03","16",5.4,"",-1.5,"",2.3,"",-7.4,"",.0,"9","",0,"9"
"252220030","SZEPIETOWO","2001","03","17",3.8,"",-3.0,"",.7,"",-5.3,"",.0,"9","",0,"9"
"252220030","SZEPIETOWO","2001","03","18",3.1,"",-1.5,"",1.1,"",-5.3,"",.0,"9","",0,"9"
"252220030","SZEPIETOWO","2001","03","19",4.1,"",-2.0,"",1.0,"",-5.8,"",8.6,"","W",0,"9"
"252220030","SZEPIETOWO","2001","03","20",2.2,"",-2.5,"",-.4,"",-4.7,"",.7,"","S",0,"9"
"252220030","SZEPIETOWO","2001","03","21",.1,"",-4.6,"",-1.9,"",-12.9,"",.0,"9","",0,"9"
"252220030","SZEPIETOWO","2001","03","22",3.1,"",-6.1,"",-1.0,"",-11.0,"",.0,"9","",0,"9"
"252220030","SZEPIETOWO","2001","03","23",1.6,"",-3.5,"",-.9,"",-9.5,"",.0,"9","",0,"9"
"252220030","SZEPIETOWO","2001","03","24",2.4,"",-6.6,"",-1.2,"",-11.0,"",.0,"9","",0,"9"
"252220030","SZEPIETOWO","2001","03","25",2.1,"",-3.0,"",-.5,"",-5.8,"",.0,"9","",0,"9"
"252220030","SZEPIETOWO","2001","03","26",.6,"",-4.6,"",-2.0,"",-6.8,"",.0,"9","",0,"9"
"252220030","SZEPIETOWO","2001","03","27",2.1,"",-6.6,"",-2.2,"",-10.5,"",.0,"9","",0,"9"
"252220030","SZEPIETOWO","2001","03","28",5.6,"",-7.6,"",-.4,"",-13.9,"",.0,"9","",0,"9"
"252220030","SZEPIETOWO","2001","03","29",5.6,"",-5.6,"",-.1,"",-12.9,"",.0,"9","",0,"9"
"252220030","SZEPIETOWO","2001","03","30",8.1,"",-3.5,"",2.3,"",-7.9,"",.0,"9","",0,"9"
"252220030","SZEPIETOWO","2001","03","31",10.0,"",-3.0,"",3.6,"",-6.8,"",.0,"9","",0,"9"
"252230120","BIA£OWIE¯A","2001","03","01",1.9,"",-8.1,"",-3.3,"",-11.0,"",2.7,"","S",7,""
"252230120","BIA£OWIE¯A","2001","03","02",4.5,"",.0,"",1.2,"",-3.4,"",.0,"9","",8,""
"252230120","BIA£OWIE¯A","2001","03","03",5.0,"",-4.2,"",-.4,"",-8.7,"",.0,"9","",6,""
"252230120","BIA£OWIE¯A","2001","03","04",4.0,"",-3.5,"",-.6,"",-6.7,"",4.8,"","S",4,""
"252230120","BIA£OWIE¯A","2001","03","05",1.6,"",-1.3,"",-.2,"",-2.9,"",.0,"9","",5,""
"252230120","BIA£OWIE¯A","2001","03","06",3.5,"",-7.6,"",-2.7,"",-11.5,"",.0,"9","",5,""
"252230120","BIA£OWIE¯A","2001","03","07",4.9,"",-8.3,"",-2.3,"",-11.5,"",.0,"9","",4,""
"252230120","BIA£OWIE¯A","2001","03","08",8.0,"",-4.5,"",.8,"",-7.7,"",.0,"9","",1,""
"252230120","BIA£OWIE¯A","2001","03","09",7.0,"",-1.4,"",2.5,"",-3.4,"",.0,"9","",0,"9"
"252230120","BIA£OWIE¯A","2001","03","10",10.3,"",4.0,"",6.3,"",1.9,"",1.1,"","W",0,"9"
"252230120","BIA£OWIE¯A","2001","03","11",13.9,"",3.9,"",7.7,"",2.6,"",.0,"9","",0,"9"
"252230120","BIA£OWIE¯A","2001","03","12",15.1,"",5.4,"",9.2,"",3.7,"",.0,"9","",0,"9"
"252230120","BIA£OWIE¯A","2001","03","13",14.3,"",8.3,"",10.4,"",6.3,"",.6,"","W",0,"9"
"252230120","BIA£OWIE¯A","2001","03","14",10.5,"",4.0,"",5.8,"",1.0,"",1.0,"","W",0,"9"
"252230120","BIA£OWIE¯A","2001","03","15",7.7,"",-.9,"",2.6,"",-4.8,"",.0,"9","",0,"9"
"252230120","BIA£OWIE¯A","2001","03","16",6.6,"",-4.0,"",.4,"",-7.2,"",.0,"9","",0,"9"
"252230120","BIA£OWIE¯A","2001","03","17",6.0,"",-1.4,"",1.5,"",-5.3,"",.0,"9","",0,"9"
"252230120","BIA£OWIE¯A","2001","03","18",4.0,"",-1.4,"",.6,"",-4.3,"",.0,"9","",0,"9"
"252230120","BIA£OWIE¯A","2001","03","19",5.4,"",-1.7,"",1.2,"",-3.9,"",5.0,"","W",0,"9"
"252230120","BIA£OWIE¯A","2001","03","20",3.5,"",-1.7,"",.2,"",-2.4,"",2.5,"","S",0,"9"
"252230120","BIA£OWIE¯A","2001","03","21",4.0,"",-4.0,"",-.1,"",-7.2,"",.0,"9","",1,""
"252230120","BIA£OWIE¯A","2001","03","22",4.0,"",-8.1,"",-3.6,"",-11.0,"",.0,"9","",0,"9"
"252230120","BIA£OWIE¯A","2001","03","23",2.9,"",-5.0,"",-2.6,"",-10.0,"",.0,"9","",0,"9"
"252230120","BIA£OWIE¯A","2001","03","24",3.9,"",-10.1,"",-3.3,"",-12.9,"",.0,"9","",0,"9"
"252230120","BIA£OWIE¯A","2001","03","25",1.4,"",-1.3,"",.0,"",-2.4,"",.0,"9","",0,"9"
"252230120","BIA£OWIE¯A","2001","03","26",2.5,"",-3.3,"",-1.3,"",-4.1,"",.0,"9","",0,"9"
"252230120","BIA£OWIE¯A","2001","03","27",3.2,"",-6.0,"",-2.3,"",-9.8,"",.0,"9","",0,"9"
"252230120","BIA£OWIE¯A","2001","03","28",6.0,"",-9.6,"",-3.0,"",-12.9,"",.0,"9","",0,"9"
"252230120","BIA£OWIE¯A","2001","03","29",7.5,"",-8.1,"",-1.1,"",-12.3,"",.0,"9","",0,"9"
"252230120","BIA£OWIE¯A","2001","03","30",9.4,"",-3.5,"",2.4,"",-6.7,"",.0,"9","",0,"9"
"252230120","BIA£OWIE¯A","2001","03","31",12.1,"",-2.6,"",4.0,"",-7.2,"",.0,"9","",0,"9"
"252230190","CICIBÓR","2001","03","01",2.9,"",-5.0,"",-1.5,"",-5.4,"",3.8,"","S",0,"9"
"252230190","CICIBÓR","2001","03","02",5.4,"",.1,"",1.8,"",-1.5,"",.0,"9","",2,""
"252230190","CICIBÓR","2001","03","03",4.6,"",-2.8,"",.4,"",-3.6,"",.0,"","S",0,"9"
"252230190","CICIBÓR","2001","03","04",4.8,"",.0,"",1.4,"",-.5,"",4.8,"","W",0,""
"252230190","CICIBÓR","2001","03","05",2.2,"",.0,"",.8,"",.2,"",.0,"9","",0,"9"
"252230190","CICIBÓR","2001","03","06",5.9,"",-5.5,"",-.9,"",-5.8,"",.0,"9","",0,"9"
"252230190","CICIBÓR","2001","03","07",7.9,"",-3.9,"",.6,"",-5.7,"",.0,"9","",0,"9"
"252230190","CICIBÓR","2001","03","08",7.3,"",-2.3,"",2.4,"",-2.4,"",.0,"9","",0,"9"
"252230190","CICIBÓR","2001","03","09",9.3,"",.6,"",4.5,"",.0,"",.0,"9","",0,"9"
"252230190","CICIBÓR","2001","03","10",9.0,"",3.2,"",6.1,"",.0,"",1.9,"","W",0,"9"
"252230190","CICIBÓR","2001","03","11",13.3,"",2.9,"",7.0,"",.0,"",.0,"9","",0,"9"
"252230190","CICIBÓR","2001","03","12",16.4,"",5.0,"",10.1,"",1.0,"",.0,"","W",0,"9"
"252230190","CICIBÓR","2001","03","13",14.3,"",7.7,"",9.8,"",7.1,"",.4,"","W",0,"9"
"252230190","CICIBÓR","2001","03","14",11.6,"",4.2,"",6.4,"",.6,"",1.6,"","W",0,"9"
"252230190","CICIBÓR","2001","03","15",8.3,"",.3,"",3.9,"",2.5,"",.0,"9","",0,"9"
"252230190","CICIBÓR","2001","03","16",6.3,"",-1.0,"",2.1,"",-3.8,"",.0,"9","",0,"9"
"252230190","CICIBÓR","2001","03","17",6.7,"",-.5,"",2.2,"",-2.6,"",.0,"9","",0,"9"
"252230190","CICIBÓR","2001","03","18",5.4,"",.9,"",2.3,"",.6,"",.0,"9","",0,"9"
"252230190","CICIBÓR","2001","03","19",5.4,"",-.3,"",2.5,"",-2.6,"",2.5,"","S",0,"9"
"252230190","CICIBÓR","2001","03","20",3.9,"",-1.5,"",.3,"",-2.0,"",1.4,"","S",0,"9"
"252230190","CICIBÓR","2001","03","21",1.0,"",-2.8,"",-1.3,"",-3.1,"",1.1,"","S",1,""
"252230190","CICIBÓR","2001","03","22",3.9,"",-4.5,"",-.7,"",-7.2,"",.0,"9","",0,"9"
"252230190","CICIBÓR","2001","03","23",5.1,"",-3.7,"",-.4,"",-6.7,"",.0,"9","",0,"9"
"252230190","CICIBÓR","2001","03","24",4.9,"",-4.5,"",-.1,"",-6.1,"",.0,"9","",0,"9"
"252230190","CICIBÓR","2001","03","25",1.9,"",-1.1,"",-.2,"",-1.4,"",2.6,"","S",0,"9"
"252230190","CICIBÓR","2001","03","26",1.4,"",-4.7,"",-2.0,"",-4.3,"",.0,"9","",3,""
"252230190","CICIBÓR","2001","03","27",2.0,"",-7.0,"",-2.5,"",-11.7,"",.0,"9","",2,""
"252230190","CICIBÓR","2001","03","28",5.3,"",-5.1,"",-.3,"",-8.0,"",.0,"9","",0,"9"
"252230190","CICIBÓR","2001","03","29",5.9,"",-5.0,"",.0,"",-8.7,"",.0,"9","",0,"9"
"252230190","CICIBÓR","2001","03","30",8.3,"",-1.3,"",2.8,"",-2.6,"",.0,"9","",0,"9"
"252230190","CICIBÓR","2001","03","31",12.3,"",-1.4,"",5.0,"",-3.4,"",.0,"9","",0,"9"
"253140060","GOLENIÓW","2001","03","01",4.8,"",-4.1,"",-.2,"",-7.2,"",.0,"9","",0,"9"
"253140060","GOLENIÓW","2001","03","02",2.9,"",-4.9,"",-1.6,"",-6.2,"",.0,"","S",0,"9"
"253140060","GOLENIÓW","2001","03","03",4.5,"",-7.1,"",-2.0,"",-9.1,"",.0,"9","",0,"9"
"253140060","GOLENIÓW","2001","03","04",.6,"",-6.3,"",-2.5,"",-8.9,"",1.9,"","S",0,"9"
"253140060","GOLENIÓW","2001","03","05",4.8,"",-1.4,"",.5,"",-4.2,"",.0,"9","",3,""
"253140060","GOLENIÓW","2001","03","06",5.8,"",-8.4,"",-2.6,"",-9.6,"",.0,"9","",0,"9"
"253140060","GOLENIÓW","2001","03","07",7.1,"",-7.7,"",-1.1,"",-9.1,"",.0,"","W",0,"9"
"253140060","GOLENIÓW","2001","03","08",10.6,"",1.3,"",5.2,"",.7,"",.3,"","W",0,"9"
"253140060","GOLENIÓW","2001","03","09",8.4,"",3.0,"",5.6,"",.8,"",4.2,"","W",0,"9"
"253140060","GOLENIÓW","2001","03","10",12.6,"",3.5,"",7.1,"",2.3,"",1.1,"","W",0,"9"
"253140060","GOLENIÓW","2001","03","11",11.0,"",2.8,"",7.2,"",-.1,"",.0,"9","",0,"9"
"253140060","GOLENIÓW","2001","03","12",15.0,"",5.5,"",9.8,"",1.7,"",2.6,"","W",0,"9"
"253140060","GOLENIÓW","2001","03","13",10.6,"",3.0,"",5.9,"",1.0,"",.1,"","W",0,"9"
"253140060","GOLENIÓW","2001","03","14",6.2,"",1.3,"",4.3,"",.0,"",5.8,"","S",0,"9"
"253140060","GOLENIÓW","2001","03","15",6.6,"",1.4,"",3.2,"",-2.4,"",4.0,"","W",0,"9"
"253140060","GOLENIÓW","2001","03","16",4.1,"",-3.8,"",.4,"",-6.2,"",.5,"","W",0,"9"
"253140060","GOLENIÓW","2001","03","17",4.4,"",-5.6,"",-.9,"",-6.7,"",.0,"9","",0,"9"
"253140060","GOLENIÓW","2001","03","18",3.1,"",-1.2,"",1.0,"",-3.5,"",4.8,"","S",0,"9"
"253140060","GOLENIÓW","2001","03","19",5.8,"",-.9,"",2.4,"",-1.4,"",8.4,"","S",0,"9"
"253140060","GOLENIÓW","2001","03","20",3.7,"",-1.8,"",-.3,"",-3.2,"",.6,"","S",3,""
"253140060","GOLENIÓW","2001","03","21",3.5,"",-10.0,"",-4.0,"",-11.1,"",.0,"9","",3,""
"253140060","GOLENIÓW","2001","03","22",3.7,"",-4.6,"",-.9,"",-7.7,"",3.1,"","S",0,"9"
"253140060","GOLENIÓW","2001","03","23",4.6,"",-3.7,"",.4,"",-6.9,"",.0,"9","",2,""
"253140060","GOLENIÓW","2001","03","24",3.4,"",-.7,"",1.2,"",-1.1,"",.0,"","S",0,"9"
"253140060","GOLENIÓW","2001","03","25",3.7,"",-1.2,"",1.1,"",-1.4,"",.0,"9","",0,"9"
"253140060","GOLENIÓW","2001","03","26",4.8,"",-2.0,"",.5,"",-3.6,"",.0,"9","",0,"9"
"253140060","GOLENIÓW","2001","03","27",3.6,"",-6.6,"",-1.7,"",-9.0,"",.0,"9","",0,"9"
"253140060","GOLENIÓW","2001","03","28",6.3,"",-4.6,"",.1,"",-9.1,"",.0,"9","",0,"9"
"253140060","GOLENIÓW","2001","03","29",6.6,"",-1.7,"",2.4,"",-2.2,"",.2,"","W",0,"9"
"253140060","GOLENIÓW","2001","03","30",11.3,"",1.1,"",5.6,"",.0,"",2.6,"","W",0,"9"
"253140060","GOLENIÓW","2001","03","31",12.4,"",2.9,"",7.6,"",1.2,"",.0,"9","",0,"9"
"253150190","PRZELEWICE","2001","03","01",6.2,"",-3.6,"",.0,"",-6.0,"",.0,"9","",0,"9"
"253150190","PRZELEWICE","2001","03","02",2.6,"",-1.4,"",.2,"",-5.0,"",.1,"","S",0,"9"
"253150190","PRZELEWICE","2001","03","03",3.9,"",-4.6,"",-1.0,"",-7.1,"",.0,"9","",0,"9"
"253150190","PRZELEWICE","2001","03","04",.8,"",-3.3,"",-1.3,"",-6.6,"",7.5,"","S",0,"9"
"253150190","PRZELEWICE","2001","03","05",4.2,"",-1.4,"",.4,"",-6.6,"",.0,"","S",10,""
"253150190","PRZELEWICE","2001","03","06",5.7,"",-8.8,"",-2.7,"",-12.7,"",.0,"9","",8,""
"253150190","PRZELEWICE","2001","03","07",6.8,"",-4.1,"",.3,"",-8.7,"",.0,"9","",4,""
"253150190","PRZELEWICE","2001","03","08",10.7,"",1.4,"",4.6,"",-.7,"",.0,"9","",0,"9"
"253150190","PRZELEWICE","2001","03","09",9.2,"",2.9,"",5.7,"",-.7,"",2.7,"","W",0,"9"
"253150190","PRZELEWICE","2001","03","10",13.7,"",4.9,"",8.5,"",1.1,"",3.8,"","W",0,"9"
"253150190","PRZELEWICE","2001","03","11",11.7,"",4.5,"",8.1,"",.9,"",.0,"","W",0,"9"
"253150190","PRZELEWICE","2001","03","12",14.5,"",7.0,"",9.9,"",3.2,"",5.2,"","W",0,"9"
"253150190","PRZELEWICE","2001","03","13",10.1,"",4.4,"",6.3,"",2.3,"",.1,"","W",0,"9"
"253150190","PRZELEWICE","2001","03","14",7.2,"",2.9,"",4.6,"",.8,"",4.5,"","W",0,"9"
"253150190","PRZELEWICE","2001","03","15",7.9,"",.8,"",4.1,"",-2.8,"",.3,"","W",0,"9"
"253150190","PRZELEWICE","2001","03","16",7.7,"",.0,"",2.6,"",-3.4,"",.9,"","W",0,"9"
"253150190","PRZELEWICE","2001","03","17",4.7,"",-3.1,"",1.2,"",-6.6,"",.0,"9","",0,"9"
"253150190","PRZELEWICE","2001","03","18",2.6,"",.7,"",1.7,"",-1.9,"",5.5,"","S",0,"9"
"253150190","PRZELEWICE","2001","03","19",3.2,"",1.3,"",2.3,"",.1,"",12.3,"","S",0,"9"
"253150190","PRZELEWICE","2001","03","20",2.5,"",-3.3,"",-1.5,"",-7.2,"",1.4,"","S",0,""
"253150190","PRZELEWICE","2001","03","21",3.6,"",-5.6,"",-1.6,"",-10.1,"",.0,"9","",2,""
"253150190","PRZELEWICE","2001","03","22",2.6,"",-3.2,"",-.6,"",-6.6,"",4.5,"","S",0,"9"
"253150190","PRZELEWICE","2001","03","23",4.7,"",-1.4,"",1.0,"",-4.4,"",.8,"","S",5,""
"253150190","PRZELEWICE","2001","03","24",1.9,"",-1.2,"",-.1,"",-3.4,"",.7,"","S",2,""
"253150190","PRZELEWICE","2001","03","25",2.6,"",-.5,"",.5,"",-2.8,"",.0,"","S",0,""
"253150190","PRZELEWICE","2001","03","26",4.3,"",-2.2,"",.0,"",-5.5,"",.0,"9","",0,""
"253150190","PRZELEWICE","2001","03","27",3.1,"",-5.5,"",-1.9,"",-10.8,"",.0,"9","",0,"9"
"253150190","PRZELEWICE","2001","03","28",5.2,"",-4.6,"",-.3,"",-9.2,"",.0,"9","",0,"9"
"253150190","PRZELEWICE","2001","03","29",6.2,"",-1.5,"",1.9,"",-5.0,"",.0,"9","",0,"9"
"253150190","PRZELEWICE","2001","03","30",10.2,"",1.3,"",5.4,"",-2.2,"",1.1,"","W",0,"9"
"253150190","PRZELEWICE","2001","03","31",11.9,"",4.4,"",8.7,"",.8,"",.0,"9","",0,"9"
"253160090","WIERZCHOWO","2001","03","01",3.5,"",-4.5,"",-1.3,"",.0,"8",.0,"9","",4,""
"253160090","WIERZCHOWO","2001","03","02",2.5,"",-5.9,"",-1.5,"",.0,"8",.0,"9","",4,""
"253160090","WIERZCHOWO","2001","03","03",2.5,"",-10.1,"",-3.4,"",.0,"8",.0,"9","",0,"9"
"253160090","WIERZCHOWO","2001","03","04",.0,"",-8.3,"",-3.3,"",.0,"8",5.5,"","S",0,"9"
"253160090","WIERZCHOWO","2001","03","05",3.0,"",-2.3,"",-.3,"",.0,"8",.0,"9","",10,""
"253160090","WIERZCHOWO","2001","03","06",6.0,"",-8.7,"",-2.5,"",.0,"8",.0,"9","",7,""
"253160090","WIERZCHOWO","2001","03","07",6.0,"",-7.6,"",-1.3,"",.0,"8",.0,"9","",3,""
"253160090","WIERZCHOWO","2001","03","08",9.4,"",-1.1,"",3.4,"",.0,"8",.0,"9","",0,"9"
"253160090","WIERZCHOWO","2001","03","09",5.1,"",.5,"",3.3,"",.0,"8",2.0,"","W",0,"9"
"253160090","WIERZCHOWO","2001","03","10",11.3,"",3.0,"",6.9,"",.0,"8",7.4,"","W",0,"9"
"253160090","WIERZCHOWO","2001","03","11",9.7,"",2.8,"",6.8,"",.0,"8",.0,"9","",0,"9"
"253160090","WIERZCHOWO","2001","03","12",13.4,"",6.2,"",9.4,"",.0,"8",4.9,"","W",0,"9"
"253160090","WIERZCHOWO","2001","03","13",10.2,"",3.0,"",5.8,"",.0,"8",2.0,"","W",0,"9"
"253160090","WIERZCHOWO","2001","03","14",6.3,"",2.0,"",4.0,"",.0,"8",6.0,"","W",0,"9"
"253160090","WIERZCHOWO","2001","03","15",6.5,"",1.5,"",3.1,"",.0,"8",1.5,"","W",0,"9"
"253160090","WIERZCHOWO","2001","03","16",6.0,"",-.3,"",1.9,"",.0,"8",.9,"","W",0,"9"
"253160090","WIERZCHOWO","2001","03","17",3.2,"",-5.1,"",-.1,"",.0,"8",.0,"9","",0,"9"
"253160090","WIERZCHOWO","2001","03","18",3.0,"",-1.8,"",.6,"",.0,"8",7.5,"","S",0,"9"
"253160090","WIERZCHOWO","2001","03","19",6.1,"",-1.9,"",1.9,"",.0,"8",6.8,"","S",1,""
"253160090","WIERZCHOWO","2001","03","20",3.0,"",-2.9,"",-1.0,"",.0,"8",1.3,"","S",1,""
"253160090","WIERZCHOWO","2001","03","21",3.6,"",-11.2,"",-2.9,"",.0,"8",.0,"9","",1,""
"253160090","WIERZCHOWO","2001","03","22",4.1,"",-9.1,"",-1.5,"",.0,"8",.0,"9","",0,"9"
"253160090","WIERZCHOWO","2001","03","23",4.6,"",-3.2,"",.6,"",.0,"8",.0,"9","",0,"9"
"253160090","WIERZCHOWO","2001","03","24",1.9,"",-1.8,"",.2,"",.0,"8",.0,"9","",0,"9"
"253160090","WIERZCHOWO","2001","03","25",3.4,"",-3.7,"",-.7,"",.0,"8",.0,"9","",0,"9"
"253160090","WIERZCHOWO","2001","03","26",2.6,"",-5.7,"",-1.7,"",.0,"8",.0,"9","",0,"9"
"253160090","WIERZCHOWO","2001","03","27",2.6,"",-4.8,"",-1.7,"",.0,"8",.0,"9","",0,"9"
"253160090","WIERZCHOWO","2001","03","28",5.1,"",-7.6,"",-1.4,"",.0,"8",.0,"9","",0,"9"
"253160090","WIERZCHOWO","2001","03","29",7.1,"",-2.1,"",2.1,"",.0,"8",.0,"9","",0,"9"
"253160090","WIERZCHOWO","2001","03","30",8.4,"",2.1,"",5.1,"",.0,"8",.7,"","W",0,"9"
"253160090","WIERZCHOWO","2001","03","31",11.3,"",2.9,"",6.4,"",.0,"8",.0,"9","",0,"9"
"253170210","CHRZ¥STOWO","2001","03","01",2.6,"",-3.1,"",-.4,"",-4.5,"",.0,"","S",0,"9"
"253170210","CHRZ¥STOWO","2001","03","02",2.7,"",-4.9,"",-1.1,"",-7.1,"",.1,"","S",0,"9"
"253170210","CHRZ¥STOWO","2001","03","03",2.5,"",-5.1,"",-1.4,"",-7.1,"",.0,"9","",0,"9"
"253170210","CHRZ¥STOWO","2001","03","04",1.0,"",-2.1,"",-.8,"",-3.0,"",3.7,"","S",0,"9"
"253170210","CHRZ¥STOWO","2001","03","05",2.0,"",-2.0,"",-.3,"",-6.4,"",.0,"9","",5,""
"253170210","CHRZ¥STOWO","2001","03","06",4.0,"",-8.7,"",-3.4,"",-13.2,"",.0,"9","",2,""
"253170210","CHRZ¥STOWO","2001","03","07",6.2,"",-8.1,"",-1.9,"",-11.1,"",.0,"9","",1,""
"253170210","CHRZ¥STOWO","2001","03","08",8.1,"",-.9,"",2.5,"",-2.5,"",.0,"9","",0,"9"
"253170210","CHRZ¥STOWO","2001","03","09",4.5,"",.0,"",2.3,"",-1.1,"",1.5,"","W",0,"9"
"253170210","CHRZ¥STOWO","2001","03","10",12.6,"",1.6,"",6.5,"",.1,"",.9,"","W",0,"9"
"253170210","CHRZ¥STOWO","2001","03","11",12.3,"",6.1,"",8.5,"",4.3,"",.7,"","W",0,"9"
"253170210","CHRZ¥STOWO","2001","03","12",14.1,"",3.1,"",8.2,"",1.5,"",23.4,"","W",0,"9"
"253170210","CHRZ¥STOWO","2001","03","13",10.6,"",3.8,"",6.1,"",3.4,"",3.4,"","W",0,"9"
"253170210","CHRZ¥STOWO","2001","03","14",7.6,"",2.0,"",4.2,"",-.4,"",4.0,"","W",0,"9"
"253170210","CHRZ¥STOWO","2001","03","15",6.7,"",1.2,"",3.6,"",-.4,"",.1,"","W",0,"9"
"253170210","CHRZ¥STOWO","2001","03","16",8.8,"",-1.0,"",2.3,"",-1.0,"",1.4,"","W",0,"9"
"253170210","CHRZ¥STOWO","2001","03","17",3.0,"",-2.5,"",.1,"",-4.6,"",.0,"9","",0,"9"
"253170210","CHRZ¥STOWO","2001","03","18",4.0,"",-.5,"",1.4,"",-1.9,"",2.5,"","S",0,"9"
"253170210","CHRZ¥STOWO","2001","03","19",6.6,"",.2,"",2.8,"",-1.0,"",7.4,"","S",0,""
"253170210","CHRZ¥STOWO","2001","03","20",4.6,"",-1.7,"",.0,"",-2.6,"",1.7,"","S",0,""
"253170210","CHRZ¥STOWO","2001","03","21",2.9,"",-6.2,"",-2.1,"",-7.6,"",.0,"9","",0,""
"253170210","CHRZ¥STOWO","2001","03","22",4.3,"",-5.1,"",-1.0,"",-6.6,"",.0,"9","",0,"9"
"253170210","CHRZ¥STOWO","2001","03","23",3.8,"",-1.6,"",.4,"",-2.5,"",.0,"9","",0,"9"
"253170210","CHRZ¥STOWO","2001","03","24",1.4,"",-1.8,"",-.7,"",-4.0,"",.4,"","S",0,"9"
"253170210","CHRZ¥STOWO","2001","03","25",2.6,"",-2.5,"",-.7,"",-3.0,"",.1,"","S",0,""
"253170210","CHRZ¥STOWO","2001","03","26",.2,"",-2.7,"",-1.7,"",-4.0,"",.0,"9","",0,"9"
"253170210","CHRZ¥STOWO","2001","03","27",2.0,"",-6.3,"",-2.3,"",-9.1,"",.0,"9","",0,"9"
"253170210","CHRZ¥STOWO","2001","03","28",5.2,"",-5.1,"",-.7,"",-7.2,"",.0,"9","",0,"9"
"253170210","CHRZ¥STOWO","2001","03","29",8.6,"",-3.6,"",1.7,"",-5.5,"",.0,"9","",0,"9"
"253170210","CHRZ¥STOWO","2001","03","30",7.1,"",1.0,"",4.2,"",-.1,"",1.8,"","W",0,"9"
"253170210","CHRZ¥STOWO","2001","03","31",11.5,"",4.5,"",7.5,"",2.6,"",.0,"9","",0,"9"
"253180020","RADOSTOWO","2001","03","01",.9,"",-9.6,"",-3.5,"",-15.6,"",.0,"9","",10,""
"253180020","RADOSTOWO","2001","03","02",3.4,"",-9.8,"",-3.3,"",-13.1,"",.0,"9","",8,""
"253180020","RADOSTOWO","2001","03","03",1.9,"",-8.7,"",-3.7,"",-11.8,"",.0,"9","",8,""
"253180020","RADOSTOWO","2001","03","04",.9,"",-11.6,"",-4.0,"",-11.6,"",4.9,"","S",5,""
"253180020","RADOSTOWO","2001","03","05",3.2,"",-3.2,"",-.5,"",-5.9,"",.0,"9","",17,""
"253180020","RADOSTOWO","2001","03","06",3.9,"",-13.4,"",-6.0,"",-19.1,"",.0,"9","",11,""
"253180020","RADOSTOWO","2001","03","07",3.8,"",-12.2,"",-5.0,"",-14.9,"",.0,"9","",8,""
"253180020","RADOSTOWO","2001","03","08",5.8,"",-8.0,"",-1.7,"",-11.4,"",.0,"9","",5,""
"253180020","RADOSTOWO","2001","03","09",7.7,"",-4.3,"",1.3,"",-7.1,"",1.5,"","W",4,""
"253180020","RADOSTOWO","2001","03","10",7.9,"",.8,"",4.0,"",.8,"",1.2,"","W",0,"9"
"253180020","RADOSTOWO","2001","03","11",12.3,"",1.5,"",6.1,"",.8,"",.0,"9","",0,"9"
"253180020","RADOSTOWO","2001","03","12",14.1,"",5.6,"",9.2,"",5.2,"",14.0,"","W",0,"9"
"253180020","RADOSTOWO","2001","03","13",12.6,"",3.3,"",6.4,"",3.2,"",2.2,"","W",0,"9"
"253180020","RADOSTOWO","2001","03","14",8.6,"",2.3,"",4.4,"",1.6,"",1.2,"","W",0,"9"
"253180020","RADOSTOWO","2001","03","15",6.9,"",2.3,"",3.9,"",-1.0,"",.0,"9","",0,"9"
"253180020","RADOSTOWO","2001","03","16",9.7,"",1.8,"",4.3,"",1.5,"",.0,"9","",0,"9"
"253180020","RADOSTOWO","2001","03","17",4.7,"",-1.9,"",1.1,"",-3.9,"",.0,"9","",0,"9"
"253180020","RADOSTOWO","2001","03","18",3.5,"",-.6,"",.9,"",-1.0,"",.0,"","S",0,"9"
"253180020","RADOSTOWO","2001","03","19",1.3,"",-1.9,"",-.4,"",-2.0,"",24.5,"","S",0,""
"253180020","RADOSTOWO","2001","03","20",1.1,"",-2.2,"",-1.2,"",-5.2,"",.0,"9","",23,""
"253180020","RADOSTOWO","2001","03","21",2.6,"",-8.6,"",-4.6,"",-9.7,"",.0,"9","",19,""
"253180020","RADOSTOWO","2001","03","22",1.4,"",-16.1,"",-8.0,"",-18.4,"",.0,"9","",16,""
"253180020","RADOSTOWO","2001","03","23",1.5,"",-7.4,"",-3.7,"",-10.7,"",.0,"9","",14,""
"253180020","RADOSTOWO","2001","03","24",2.3,"",-10.3,"",-3.7,"",-13.6,"",.0,"9","",13,""
"253180020","RADOSTOWO","2001","03","25",1.8,"",-7.8,"",-3.2,"",-9.5,"",.0,"9","",12,""
"253180020","RADOSTOWO","2001","03","26",.2,"",-6.8,"",-3.4,"",-8.6,"",.0,"9","",12,""
"253180020","RADOSTOWO","2001","03","27",1.0,"",-8.4,"",-4.4,"",-13.2,"",.0,"9","",12,""
"253180020","RADOSTOWO","2001","03","28",6.4,"",-11.6,"",-2.9,"",-15.9,"",.0,"9","",10,""
"253180020","RADOSTOWO","2001","03","29",6.8,"",-7.8,"",-.2,"",-12.8,"",.0,"9","",7,""
"253180020","RADOSTOWO","2001","03","30",7.6,"",-.6,"",3.2,"",-1.7,"",3.7,"","W",4,""
"253180020","RADOSTOWO","2001","03","31",12.8,"",3.2,"",6.5,"",1.7,"",.0,"9","",0,"9"
"253180090","ŒLIWICE","2001","03","01",.6,"",-4.3,"",-1.8,"",-7.7,"",.0,"9","",0,"9"
"253180090","ŒLIWICE","2001","03","02",2.0,"",-8.9,"",-3.6,"",-12.2,"",.0,"9","",0,"9"
"253180090","ŒLIWICE","2001","03","03",2.9,"",-8.7,"",-2.3,"",-11.4,"",.0,"9","",0,"9"
"253180090","ŒLIWICE","2001","03","04",.2,"",-4.6,"",-2.0,"",-7.3,"",1.2,"","S",0,"9"
"253180090","ŒLIWICE","2001","03","05",2.7,"",-5.5,"",-2.1,"",-6.5,"",.0,"9","",3,""
"253180090","ŒLIWICE","2001","03","06",4.4,"",-10.4,"",-5.8,"",-14.7,"",.0,"9","",2,""
"253180090","ŒLIWICE","2001","03","07",8.3,"",-10.6,"",-3.0,"",-14.2,"",7.1,"","W",2,""
"253180090","ŒLIWICE","2001","03","08",6.8,"",-5.0,"",.6,"",-6.3,"",.0,"9","",0,"9"
"253180090","ŒLIWICE","2001","03","09",5.9,"",-1.3,"",1.9,"",-2.6,"",5.0,"","W",0,"9"
"253180090","ŒLIWICE","2001","03","10",9.1,"",1.8,"",5.6,"",.4,"",4.0,"","W",0,"9"
"253180090","ŒLIWICE","2001","03","11",10.5,"",1.8,"",6.6,"",.6,"",.0,"9","",0,"9"
"253180090","ŒLIWICE","2001","03","12",12.3,"",4.3,"",8.3,"",1.4,"",9.8,"","W",0,"9"
"253180090","ŒLIWICE","2001","03","13",10.1,"",3.6,"",5.9,"",2.4,"",3.2,"","W",0,"9"
"253180090","ŒLIWICE","2001","03","14",6.3,"",1.8,"",3.5,"",-.1,"",1.7,"","W",0,"9"
"253180090","ŒLIWICE","2001","03","15",5.4,"",1.7,"",3.2,"",-.1,"",.0,"9","",0,"9"
"253180090","ŒLIWICE","2001","03","16",6.9,"",-.3,"",2.5,"",-2.6,"",2.5,"","W",0,"9"
"253180090","ŒLIWICE","2001","03","17",4.4,"",-3.3,"",.6,"",-6.3,"",.0,"9","",0,"9"
"253180090","ŒLIWICE","2001","03","18",2.9,"",-.8,"",.7,"",-4.2,"",.0,"9","",0,"9"
"253180090","ŒLIWICE","2001","03","19",.9,"",-1.8,"",-.3,"",-3.2,"",15.1,"","S",0,"9"
"253180090","ŒLIWICE","2001","03","20",.5,"",-2.8,"",-1.6,"",-3.2,"",1.2,"","S",15,""
"253180090","ŒLIWICE","2001","03","21",.6,"",-8.1,"",-4.0,"",-11.7,"",.0,"9","",13,""
"253180090","ŒLIWICE","2001","03","22",5.1,"",-13.8,"",-4.6,"",-16.6,"",.0,"9","",12,""
"253180090","ŒLIWICE","2001","03","23",2.4,"",-8.9,"",-2.8,"",-12.9,"",.0,"9","",7,""
"253180090","ŒLIWICE","2001","03","24",2.9,"",-9.4,"",-2.0,"",-14.2,"",.0,"9","",5,""
"253180090","ŒLIWICE","2001","03","25",1.5,"",-5.8,"",-1.8,"",-8.7,"",.0,"9","",4,""
"253180090","ŒLIWICE","2001","03","26",.5,"",-4.8,"",-2.6,"",-7.2,"",.0,"9","",2,""
"253180090","ŒLIWICE","2001","03","27",2.4,"",-8.9,"",-4.0,"",-14.7,"",.0,"9","",2,""
"253180090","ŒLIWICE","2001","03","28",4.9,"",-10.4,"",-3.5,"",-15.2,"",.0,"9","",0,""
"253180090","ŒLIWICE","2001","03","29",5.0,"",-5.7,"",-.1,"",-12.2,"",.0,"9","",0,"9"
"253180090","ŒLIWICE","2001","03","30",6.0,"",-.1,"",3.1,"",-3.2,"",4.5,"","W",0,"9"
"253180090","ŒLIWICE","2001","03","31",10.3,"",3.3,"",6.5,"",.9,"",.0,"9","",0,"9"
"253180150","GRUDZI¥DZ","2001","03","01",1.9,"",-5.5,"",-1.5,"",.0,"8",1.8,"","S",0,"9"
"253180150","GRUDZI¥DZ","2001","03","02",3.7,"",-5.3,"",-1.1,"",.0,"8",.3,"","S",0,""
"253180150","GRUDZI¥DZ","2001","03","03",3.1,"",-4.4,"",-.7,"",.0,"8",.0,"","S",0,"9"
"253180150","GRUDZI¥DZ","2001","03","04",2.9,"",-4.1,"",-.5,"",.0,"8",7.8,"","S",0,""
"253180150","GRUDZI¥DZ","2001","03","05",5.3,"",-3.1,"",.6,"",.0,"8",.0,"9","",6,""
"253180150","GRUDZI¥DZ","2001","03","06",4.2,"",-8.5,"",-1.9,"",.0,"8",.0,"9","",3,""
"253180150","GRUDZI¥DZ","2001","03","07",5.3,"",-8.8,"",-2.0,"",.0,"8",.0,"9","",2,""
"253180150","GRUDZI¥DZ","2001","03","08",6.5,"",-2.5,"",2.5,"",.0,"8",.0,"9","",0,"9"
"253180150","GRUDZI¥DZ","2001","03","09",8.7,"",2.7,"",5.2,"",.0,"8",.6,"","W",0,"9"
"253180150","GRUDZI¥DZ","2001","03","10",14.1,"",5.0,"",8.1,"",.0,"8",.0,"9","",0,"9"
"253180150","GRUDZI¥DZ","2001","03","11",14.0,"",6.0,"",8.8,"",.0,"8",.5,"","W",0,"9"
"253180150","GRUDZI¥DZ","2001","03","12",12.4,"",5.4,"",7.5,"",.0,"8",15.3,"","W",0,"9"
"253180150","GRUDZI¥DZ","2001","03","13",8.8,"",5.0,"",6.2,"",.0,"8",6.2,"","W",0,"9"
"253180150","GRUDZI¥DZ","2001","03","14",8.9,"",2.5,"",4.9,"",.0,"8",3.2,"","W",0,"9"
"253180150","GRUDZI¥DZ","2001","03","15",8.5,"",1.9,"",4.4,"",.0,"8",.0,"9","",0,"9"
"253180150","GRUDZI¥DZ","2001","03","16",8.3,"",2.6,"",4.5,"",.0,"8",4.2,"","W",0,"9"
"253180150","GRUDZI¥DZ","2001","03","17",6.8,"",.5,"",2.8,"",.0,"8",.0,"9","",0,"9"
"253180150","GRUDZI¥DZ","2001","03","18",6.0,"",-1.3,"",2.3,"",.0,"8",.0,"","W",0,"9"
"253180150","GRUDZI¥DZ","2001","03","19",5.0,"",.9,"",2.5,"",.0,"8",11.4,"","S",0,"9"
"253180150","GRUDZI¥DZ","2001","03","20",4.1,"",-1.0,"",.8,"",.0,"8",4.6,"","S",2,""
"253180150","GRUDZI¥DZ","2001","03","21",2.2,"",-5.0,"",-2.3,"",.0,"8",.0,"9","",0,"9"
"253180150","GRUDZI¥DZ","2001","03","22",4.4,"",-5.6,"",-1.2,"",.0,"8",.0,"9","",0,"9"
"253180150","GRUDZI¥DZ","2001","03","23",4.5,"",-2.5,"",.6,"",.0,"8",.0,"9","",0,"9"
"253180150","GRUDZI¥DZ","2001","03","24",4.1,"",-2.2,"",.8,"",.0,"8",.0,"9","",0,"9"
"253180150","GRUDZI¥DZ","2001","03","25",4.1,"",-2.9,"",.2,"",.0,"8",.0,"9","",0,"9"
"253180150","GRUDZI¥DZ","2001","03","26",1.8,"",-2.0,"",-.6,"",.0,"8",.0,"9","",0,"9"
"253180150","GRUDZI¥DZ","2001","03","27",3.3,"",-5.7,"",-1.8,"",.0,"8",.0,"9","",0,"9"
"253180150","GRUDZI¥DZ","2001","03","28",7.9,"",-3.4,"",1.4,"",.0,"8",.0,"9","",0,"9"
"253180150","GRUDZI¥DZ","2001","03","29",4.1,"",-3.5,"",.3,"",.0,"8",.0,"9","",0,"9"
"253180150","GRUDZI¥DZ","2001","03","30",5.7,"",1.8,"",3.5,"",.0,"8",.2,"","W",0,"9"
"253180150","GRUDZI¥DZ","2001","03","31",7.9,"",3.1,"",5.3,"",.0,"8",2.5,"","W",0,"9"
"253180220","BYDGOSZCZ","2001","03","01",3.0,"",-3.8,"",-1.8,"",.0,"8",1.1,"","S",0,"9"
"253180220","BYDGOSZCZ","2001","03","02",4.5,"",-3.4,"",-.2,"",.0,"8",.0,"","S",2,""
"253180220","BYDGOSZCZ","2001","03","03",5.6,"",-3.8,"",-.2,"",.0,"8",.0,"","S",0,"9"
"253180220","BYDGOSZCZ","2001","03","04",2.2,"",-3.2,"",-.7,"",.0,"8",10.0,"","S",0,""
"253180220","BYDGOSZCZ","2001","03","05",2.4,"",-4.5,"",-1.7,"",.0,"8",.0,"9","",7,""
"253180220","BYDGOSZCZ","2001","03","06",4.5,"",-10.7,"",-4.9,"",.0,"8",.0,"9","",4,""
"253180220","BYDGOSZCZ","2001","03","07",8.5,"",-8.5,"",-1.7,"",.0,"8",.0,"9","",3,""
"253180220","BYDGOSZCZ","2001","03","08",9.7,"",-.6,"",3.2,"",.0,"8",.0,"9","",0,"9"
"253180220","BYDGOSZCZ","2001","03","09",7.3,"",.4,"",3.5,"",.0,"8",1.1,"","W",0,"9"
"253180220","BYDGOSZCZ","2001","03","10",9.4,"",2.2,"",6.0,"",.0,"8",.2,"","W",0,"9"
"253180220","BYDGOSZCZ","2001","03","11",10.2,"",3.6,"",6.0,"",.0,"8",.0,"9","",0,"9"
"253180220","BYDGOSZCZ","2001","03","12",11.2,"",3.4,"",6.5,"",.0,"8",11.2,"","W",0,"9"
"253180220","BYDGOSZCZ","2001","03","13",9.2,"",4.2,"",6.2,"",.0,"8",12.3,"","W",0,"9"
"253180220","BYDGOSZCZ","2001","03","14",7.8,"",1.4,"",4.1,"",.0,"8",.4,"","W",0,"9"
"253180220","BYDGOSZCZ","2001","03","15",7.7,"",1.2,"",3.6,"",.0,"8",.0,"9","",0,"9"
"253180220","BYDGOSZCZ","2001","03","16",4.9,"",.2,"",1.9,"",.0,"8",4.0,"","W",0,"9"
"253180220","BYDGOSZCZ","2001","03","17",6.8,"",-2.5,"",1.2,"",.0,"8",.0,"9","",0,"9"
"253180220","BYDGOSZCZ","2001","03","18",8.4,"",.8,"",3.6,"",.0,"8",.0,"9","",0,"9"
"253180220","BYDGOSZCZ","2001","03","19",4.5,"",-.2,"",1.7,"",.0,"8",12.1,"","S",0,"9"
"253180220","BYDGOSZCZ","2001","03","20",2.2,"",-3.8,"",-1.7,"",.0,"8",7.6,"","S",4,""
"253180220","BYDGOSZCZ","2001","03","21",2.2,"",-5.2,"",-2.6,"",.0,"8",.0,"9","",0,"9"
"253180220","BYDGOSZCZ","2001","03","22",5.2,"",-4.0,"",-.4,"",.0,"8",.0,"9","",0,"9"
"253180220","BYDGOSZCZ","2001","03","23",6.3,"",-1.8,"",1.0,"",.0,"8",.0,"9","",0,"9"
"253180220","BYDGOSZCZ","2001","03","24",3.9,"",-2.4,"",.0,"",.0,"8",.4,"","S",0,"9"
"253180220","BYDGOSZCZ","2001","03","25",2.3,"",-1.6,"",.2,"",.0,"8",.0,"9","",0,"9"
"253180220","BYDGOSZCZ","2001","03","26",2.3,"",-4.3,"",-1.7,"",.0,"8",.0,"9","",0,"9"
"253180220","BYDGOSZCZ","2001","03","27",4.2,"",-6.9,"",-2.1,"",.0,"8",.0,"9","",0,"9"
"253180220","BYDGOSZCZ","2001","03","28",6.6,"",-5.4,"",-.5,"",.0,"8",.0,"9","",0,"9"
"253180220","BYDGOSZCZ","2001","03","29",5.9,"",-3.3,"",.5,"",.0,"8",.0,"9","",0,"9"
"253180220","BYDGOSZCZ","2001","03","30",8.7,"",.3,"",4.6,"",.0,"8",2.1,"","W",0,"9"
"253180220","BYDGOSZCZ","2001","03","31",12.1,"",3.9,"",7.5,"",.0,"8",.4,"","W",0,"9"
"253190030","DOBROCIN","2001","03","01",-1.0,"",-6.0,"",-4.1,"",.0,"8",.4,"","S",5,""
"253190030","DOBROCIN","2001","03","02",2.6,"",-7.5,"",-2.8,"",.0,"8",.0,"9","",4,""
"253190030","DOBROCIN","2001","03","03",3.5,"",-4.0,"",-1.1,"",.0,"8",.0,"9","",4,""
"253190030","DOBROCIN","2001","03","04",1.0,"",-6.0,"",-2.2,"",.0,"8",7.1,"","S",3,""
"253190030","DOBROCIN","2001","03","05",-.4,"",-4.1,"",-2.8,"",.0,"8",.0,"9","",12,""
"253190030","DOBROCIN","2001","03","06",1.0,"",-14.0,"",-7.3,"",.0,"8",.0,"9","",10,""
"253190030","DOBROCIN","2001","03","07",4.0,"",-9.9,"",-4.5,"",.0,"8",.0,"9","",6,""
"253190030","DOBROCIN","2001","03","08",4.8,"",-5.3,"",-.3,"",.0,"8",.0,"9","",4,""
"253190030","DOBROCIN","2001","03","09",4.2,"",-.3,"",1.7,"",.0,"8",.0,"9","",0,"9"
"253190030","DOBROCIN","2001","03","10",8.5,"",2.0,"",4.6,"",.0,"8",.0,"9","",0,"9"
"253190030","DOBROCIN","2001","03","11",11.5,"",3.8,"",7.4,"",.0,"8",.0,"9","",0,"9"
"253190030","DOBROCIN","2001","03","12",12.0,"",6.5,"",8.4,"",.0,"8",1.8,"","W",0,"9"
"253190030","DOBROCIN","2001","03","13",8.6,"",4.0,"",5.4,"",.0,"8",16.2,"","W",0,"9"
"253190030","DOBROCIN","2001","03","14",6.7,"",3.4,"",4.5,"",.0,"8",2.9,"","W",0,"9"
"253190030","DOBROCIN","2001","03","15",5.1,"",2.8,"",3.4,"",.0,"8",.6,"","W",0,"9"
"253190030","DOBROCIN","2001","03","16",7.8,"",.8,"",3.1,"",.0,"8",.0,"9","",0,"9"
"253190030","DOBROCIN","2001","03","17",3.7,"",.4,"",1.9,"",.0,"8",.5,"","W",0,"9"
"253190030","DOBROCIN","2001","03","18",3.1,"",1.1,"",1.6,"",.0,"8",.0,"9","",0,"9"
"253190030","DOBROCIN","2001","03","19",2.5,"",.6,"",1.4,"",.0,"8",16.1,"","S",0,"9"
"253190030","DOBROCIN","2001","03","20",1.8,"",-1.3,"",-.5,"",.0,"8",.0,"9","",7,""
"253190030","DOBROCIN","2001","03","21",-.5,"",-4.3,"",-3.1,"",.0,"8",.0,"9","",5,""
"253190030","DOBROCIN","2001","03","22",.3,"",-10.0,"",-5.0,"",.0,"8",.0,"9","",4,""
"253190030","DOBROCIN","2001","03","23",-1.5,"",-4.4,"",-3.0,"",.0,"8",.0,"9","",2,""
"253190030","DOBROCIN","2001","03","24",-1.8,"",-5.5,"",-3.8,"",.0,"8",.0,"9","",2,""
"253190030","DOBROCIN","2001","03","25",-2.0,"",-6.0,"",-4.4,"",.0,"8",.0,"9","",0,"9"
"253190030","DOBROCIN","2001","03","26",-1.2,"",-8.0,"",-4.5,"",.0,"8",.0,"9","",0,"9"
"253190030","DOBROCIN","2001","03","27",1.4,"",-5.3,"",-1.8,"",.0,"8",.0,"9","",0,"9"
"253190030","DOBROCIN","2001","03","28",5.6,"",-5.6,"",.1,"",.0,"8",.0,"9","",0,"9"
"253190030","DOBROCIN","2001","03","29",6.1,"",-3.3,"",1.1,"",.0,"8",.0,"9","",0,"9"
"253190030","DOBROCIN","2001","03","30",8.8,"",-.3,"",3.9,"",.0,"8",3.2,"","W",0,"9"
"253190030","DOBROCIN","2001","03","31",6.3,"",2.3,"",3.5,"",.0,"8",1.1,"","W",0,"9"
"253190070","PRABUTY","2001","03","01",.6,"",-9.7,"",-3.1,"",-10.4,"",1.2,"","S",6,""
"253190070","PRABUTY","2001","03","02",3.2,"",-5.0,"",-1.3,"",-11.8,"",.0,"","S",7,""
"253190070","PRABUTY","2001","03","03",1.5,"",-4.9,"",-1.9,"",-12.1,"",.0,"9","",5,""
"253190070","PRABUTY","2001","03","04",.7,"",-5.2,"",-2.2,"",-12.3,"",4.3,"","S",5,""
"253190070","PRABUTY","2001","03","05",1.8,"",-2.1,"",-.8,"",-8.5,"",.0,"9","",13,""
"253190070","PRABUTY","2001","03","06",2.1,"",-14.2,"",-6.1,"",-20.8,"",.0,"9","",10,""
"253190070","PRABUTY","2001","03","07",5.0,"",-10.7,"",-3.6,"",-19.0,"",.0,"9","",9,""
"253190070","PRABUTY","2001","03","08",7.4,"",-3.1,"",2.0,"",-11.1,"",.0,"9","",8,""
"253190070","PRABUTY","2001","03","09",4.9,"",1.0,"",2.4,"",-2.5,"",1.0,"","W",4,""
"253190070","PRABUTY","2001","03","10",10.6,"",2.0,"",5.8,"",-.9,"",.2,"","W",0,"9"
"253190070","PRABUTY","2001","03","11",12.1,"",4.0,"",7.6,"",.3,"",1.9,"","W",0,"9"
"253190070","PRABUTY","2001","03","12",14.1,"",6.5,"",9.7,"",4.1,"",18.5,"","W",0,"9"
"253190070","PRABUTY","2001","03","13",11.4,"",3.3,"",5.7,"",1.6,"",3.8,"","W",0,"9"
"253190070","PRABUTY","2001","03","14",7.9,"",2.2,"",4.0,"",.3,"",4.0,"","W",0,"9"
"253190070","PRABUTY","2001","03","15",5.8,"",1.5,"",3.1,"",-1.0,"",.0,"","W",0,"9"
"253190070","PRABUTY","2001","03","16",7.9,"",1.0,"",3.1,"",-3.1,"",6.4,"","S",0,"9"
"253190070","PRABUTY","2001","03","17",3.7,"",-1.6,"",.6,"",-5.0,"",.0,"9","",0,"9"
"253190070","PRABUTY","2001","03","18",3.1,"",.0,"",.9,"",-2.1,"",.0,"9","",0,"9"
"253190070","PRABUTY","2001","03","19",2.0,"",-1.1,"",.7,"",-3.5,"",16.7,"","S",0,"9"
"253190070","PRABUTY","2001","03","20",2.3,"",-2.1,"",-.9,"",-3.1,"",2.9,"","S",8,""
"253190070","PRABUTY","2001","03","21",.5,"",-5.7,"",-3.6,"",-13.7,"",.0,"9","",9,""
"253190070","PRABUTY","2001","03","22",3.5,"",-11.7,"",-3.9,"",-18.3,"",.0,"9","",6,""
"253190070","PRABUTY","2001","03","23",1.5,"",-3.6,"",-1.3,"",-7.1,"",.0,"9","",3,""
"253190070","PRABUTY","2001","03","24",3.4,"",-5.2,"",-.7,"",-9.1,"",.0,"9","",2,""
"253190070","PRABUTY","2001","03","25",2.0,"",-4.7,"",-1.5,"",-7.1,"",.0,"9","",0,"9"
"253190070","PRABUTY","2001","03","26",.8,"",-4.2,"",-2.0,"",-6.1,"",.0,"9","",0,"9"
"253190070","PRABUTY","2001","03","27",2.8,"",-7.2,"",-2.5,"",-11.0,"",.0,"9","",0,"9"
"253190070","PRABUTY","2001","03","28",7.0,"",-6.2,"",.7,"",-11.0,"",.0,"9","",0,"9"
"253190070","PRABUTY","2001","03","29",8.2,"",-2.7,"",2.3,"",-7.6,"",.0,"9","",0,"9"
"253190070","PRABUTY","2001","03","30",8.6,"",-2.7,"",3.4,"",-2.9,"",.6,"","W",0,"9"
"253190070","PRABUTY","2001","03","31",10.8,"",3.3,"",6.2,"",1.5,"",3.3,"","W",0,"9"
"253190220","LIDZBARK","2001","03","01",1.3,"",-6.8,"",-2.2,"",.0,"8",.9,"","S",6,""
"253190220","LIDZBARK","2001","03","02",2.0,"",-2.2,"",.2,"",.0,"8",.0,"9","",4,""
"253190220","LIDZBARK","2001","03","03",4.4,"",-3.1,"",.4,"",.0,"8",.0,"9","",3,""
"253190220","LIDZBARK","2001","03","04",1.2,"",-3.5,"",-.4,"",.0,"8",16.5,"","S",3,""
"253190220","LIDZBARK","2001","03","05",1.0,"",-4.7,"",-2.8,"",.0,"8",.0,"9","",18,""
"253190220","LIDZBARK","2001","03","06",2.2,"",-14.4,"",-6.5,"",.0,"8",.0,"9","",14,""
"253190220","LIDZBARK","2001","03","07",4.1,"",-14.6,"",-5.1,"",.0,"8",.0,"9","",8,""
"253190220","LIDZBARK","2001","03","08",7.6,"",-5.1,"",.7,"",.0,"8",.0,"9","",6,""
"253190220","LIDZBARK","2001","03","09",6.3,"",2.1,"",3.9,"",.0,"8",.0,"9","",0,"9"
"253190220","LIDZBARK","2001","03","10",12.8,"",-1.2,"",5.6,"",.0,"8",.0,"9","",0,"9"
"253190220","LIDZBARK","2001","03","11",8.6,"",2.3,"",4.5,"",.0,"8",.0,"9","",0,"9"
"253190220","LIDZBARK","2001","03","12",14.5,"",.3,"",8.3,"",.0,"8",.0,"9","",0,"9"
"253190220","LIDZBARK","2001","03","13",11.8,"",2.8,"",6.1,"",.0,"8",8.1,"","W",0,"9"
"253190220","LIDZBARK","2001","03","14",7.4,"",-.1,"",4.0,"",.0,"8",4.4,"","W",0,"9"
"253190220","LIDZBARK","2001","03","15",7.0,"",1.0,"",3.4,"",.0,"8",.0,"9","",0,"9"
"253190220","LIDZBARK","2001","03","16",7.4,"",-1.6,"",3.4,"",.0,"8",.0,"","S",0,"9"
"253190220","LIDZBARK","2001","03","17",5.4,"",-2.2,"",1.6,"",.0,"8",.0,"9","",0,"9"
"253190220","LIDZBARK","2001","03","18",4.0,"",-2.2,"",.3,"",.0,"8",.0,"9","",0,"9"
"253190220","LIDZBARK","2001","03","19",4.4,"",-1.6,"",1.6,"",.0,"8",4.8,"","W",0,"9"
"253190220","LIDZBARK","2001","03","20",3.7,"",-2.7,"",-.3,"",.0,"8",2.6,"","S",0,"9"
"253190220","LIDZBARK","2001","03","21",1.0,"",-4.3,"",-1.7,"",.0,"8",.0,"9","",0,"9"
"253190220","LIDZBARK","2001","03","22",3.4,"",-8.7,"",-2.4,"",.0,"8",.0,"9","",0,"9"
"253190220","LIDZBARK","2001","03","23",2.2,"",-5.5,"",-2.0,"",.0,"8",.0,"9","",0,"9"
"253190220","LIDZBARK","2001","03","24",3.1,"",-6.2,"",-1.9,"",.0,"8",.0,"9","",0,"9"
"253190220","LIDZBARK","2001","03","25",3.9,"",-3.0,"",-.1,"",.0,"8",.0,"9","",0,"9"
"253190220","LIDZBARK","2001","03","26",3.7,"",-3.3,"",-.7,"",.0,"8",.0,"9","",0,"9"
"253190220","LIDZBARK","2001","03","27",2.7,"",-7.2,"",-2.3,"",.0,"8",.0,"9","",0,"9"
"253190220","LIDZBARK","2001","03","28",5.9,"",-7.4,"",-1.5,"",.0,"8",.0,"9","",0,"9"
"253190220","LIDZBARK","2001","03","29",7.0,"",-6.0,"",.3,"",.0,"8",.0,"9","",0,"9"
"253190220","LIDZBARK","2001","03","30",8.3,"",-1.7,"",3.1,"",.0,"8",3.0,"","W",0,"9"
"253190220","LIDZBARK","2001","03","31",7.4,"",1.5,"",3.7,"",.0,"8",3.5,"","W",0,"9"
"253210130","SZCZYTNO","2001","03","01",2.5,"",-9.3,"",-2.9,"",-9.9,"",.0,"9","",8,""
"253210130","SZCZYTNO","2001","03","02",5.6,"",-3.5,"",-.1,"",-6.9,"",.0,"9","",4,""
"253210130","SZCZYTNO","2001","03","03",4.8,"",-2.3,"",.4,"",-5.7,"",.0,"9","",2,""
"253210130","SZCZYTNO","2001","03","04",2.0,"",-2.4,"",-.5,"",-3.6,"",6.7,"","S",0,"9"
"253210130","SZCZYTNO","2001","03","05",.4,"",-5.1,"",-2.9,"",-7.8,"",.0,"9","",7,""
"253210130","SZCZYTNO","2001","03","06",2.9,"",-10.4,"",-4.7,"",-11.3,"",.0,"9","",5,""
"253210130","SZCZYTNO","2001","03","07",5.4,"",-9.2,"",-3.0,"",-10.3,"",.0,"9","",3,""
"253210130","SZCZYTNO","2001","03","08",6.5,"",-4.5,"",.7,"",-6.2,"",.0,"9","",0,"9"
"253210130","SZCZYTNO","2001","03","09",4.7,"",-.8,"",2.2,"",-1.9,"",.0,"9","",0,"9"
"253210130","SZCZYTNO","2001","03","10",11.9,"",3.3,"",6.6,"",2.5,"",2.7,"","W",0,"9"
"253210130","SZCZYTNO","2001","03","11",10.8,"",5.1,"",7.1,"",.2,"",.0,"9","",0,"9"
"253210130","SZCZYTNO","2001","03","12",15.5,"",6.8,"",10.2,"",7.5,"",.6,"","W",0,"9"
"253210130","SZCZYTNO","2001","03","13",11.3,"",3.3,"",5.9,"",3.0,"",7.2,"","W",0,"9"
"253210130","SZCZYTNO","2001","03","14",9.5,"",2.5,"",5.0,"",1.0,"",2.8,"","W",0,"9"
"253210130","SZCZYTNO","2001","03","15",6.2,"",2.0,"",3.4,"",-.2,"",.2,"","W",0,"9"
"253210130","SZCZYTNO","2001","03","16",6.1,"",-1.8,"",2.0,"",-3.1,"",.2,"","S",0,"9"
"253210130","SZCZYTNO","2001","03","17",3.5,"",-2.1,"",.5,"",-3.6,"",.0,"","S",0,""
"253210130","SZCZYTNO","2001","03","18",2.1,"",-.4,"",.5,"",-.8,"",.0,"9","",0,"9"
"253210130","SZCZYTNO","2001","03","19",1.9,"",-1.8,"",.0,"",-2.1,"",8.9,"","S",0,"9"
"253210130","SZCZYTNO","2001","03","20",.9,"",-3.1,"",-1.3,"",-3.1,"",2.3,"","S",0,"9"
"253210130","SZCZYTNO","2001","03","21",.2,"",-4.6,"",-2.5,"",-6.2,"",.1,"","S",1,""
"253210130","SZCZYTNO","2001","03","22",3.1,"",-9.9,"",-3.4,"",-11.9,"",.0,"9","",1,""
"253210130","SZCZYTNO","2001","03","23",2.1,"",-4.6,"",-2.2,"",-7.2,"",.0,"9","",0,"9"
"253210130","SZCZYTNO","2001","03","24",3.1,"",-7.0,"",-2.0,"",-9.3,"",.0,"9","",0,"9"
"253210130","SZCZYTNO","2001","03","25",2.9,"",-5.5,"",-2.0,"",-6.2,"",.0,"9","",0,"9"
"253210130","SZCZYTNO","2001","03","26",1.1,"",-4.8,"",-2.8,"",-5.2,"",.0,"9","",0,"9"
"253210130","SZCZYTNO","2001","03","27",3.1,"",-8.9,"",-3.8,"",-11.3,"",.0,"9","",0,"9"
"253210130","SZCZYTNO","2001","03","28",6.2,"",-7.6,"",-.8,"",-11.5,"",.0,"9","",0,"9"
"253210130","SZCZYTNO","2001","03","29",7.5,"",-5.1,"",.7,"",-9.1,"",.0,"9","",0,"9"
"253210130","SZCZYTNO","2001","03","30",9.2,"",-2.6,"",2.4,"",-4.0,"",.0,"9","",0,"9"
"253210130","SZCZYTNO","2001","03","31",5.6,"",.3,"",3.1,"",-.4,"",.0,"9","",0,"9"
"253210210","MYSZYNIEC","2001","03","01",2.9,"",-5.7,"",-1.6,"",-11.2,"",.0,"9","",0,"9"
"253210210","MYSZYNIEC","2001","03","02",6.4,"",-2.4,"",1.1,"",-6.9,"",.0,"","S",0,"9"
"253210210","MYSZYNIEC","2001","03","03",4.8,"",-1.9,"",.7,"",-7.3,"",.5,"","S",0,"9"
"253210210","MYSZYNIEC","2001","03","04",1.2,"",-2.4,"",-.7,"",-6.8,"",8.2,"","S",0,"9"
"253210210","MYSZYNIEC","2001","03","05",.0,"",-4.3,"",-2.4,"",-12.2,"",.0,"9","",15,""
"253210210","MYSZYNIEC","2001","03","06",2.5,"",-13.4,"",-6.4,"",-23.6,"",.0,"9","",15,""
"253210210","MYSZYNIEC","2001","03","07",5.7,"",-13.0,"",-4.8,"",-22.0,"",.0,"9","",10,""
"253210210","MYSZYNIEC","2001","03","08",6.9,"",-7.2,"",-.4,"",-14.1,"",.0,"9","",7,""
"253210210","MYSZYNIEC","2001","03","09",4.6,"",-1.4,"",1.8,"",-8.4,"",.0,"9","",0,"9"
"253210210","MYSZYNIEC","2001","03","10",13.3,"",3.3,"",7.8,"",-1.4,"",1.0,"","W",0,"9"
"253210210","MYSZYNIEC","2001","03","11",13.8,"",3.6,"",7.9,"",-2.8,"",.3,"","W",0,"9"
"253210210","MYSZYNIEC","2001","03","12",15.9,"",6.9,"",10.4,"",1.1,"",.4,"","W",0,"9"
"253210210","MYSZYNIEC","2001","03","13",11.5,"",4.1,"",7.4,"",1.1,"",1.6,"","W",0,"9"
"253210210","MYSZYNIEC","2001","03","14",9.6,"",3.6,"",5.3,"",-.8,"",.6,"","W",0,"9"
"253210210","MYSZYNIEC","2001","03","15",6.9,"",1.8,"",3.6,"",-2.8,"",.4,"","W",0,"9"
"253210210","MYSZYNIEC","2001","03","16",6.5,"",-1.4,"",2.3,"",-7.8,"",2.4,"","S",0,"9"
"253210210","MYSZYNIEC","2001","03","17",3.9,"",-1.9,"",.9,"",-7.3,"",.0,"9","",0,""
"253210210","MYSZYNIEC","2001","03","18",2.4,"",-.8,"",.4,"",-5.3,"",.0,"9","",0,"9"
"253210210","MYSZYNIEC","2001","03","19",2.9,"",-1.9,"",.8,"",-6.3,"",7.5,"","S",0,"9"
"253210210","MYSZYNIEC","2001","03","20",2.6,"",-2.6,"",-.6,"",-4.3,"",1.7,"","S",0,"9"
"253210210","MYSZYNIEC","2001","03","21",.5,"",-4.3,"",-2.3,"",-9.7,"",.0,"9","",3,""
"253210210","MYSZYNIEC","2001","03","22",2.9,"",-9.5,"",-3.7,"",-14.6,"",.0,"9","",0,"9"
"253210210","MYSZYNIEC","2001","03","23",2.0,"",-4.8,"",-2.4,"",-10.7,"",.0,"9","",0,"9"
"253210210","MYSZYNIEC","2001","03","24",2.9,"",-8.6,"",-2.2,"",-14.6,"",.0,"9","",0,"9"
"253210210","MYSZYNIEC","2001","03","25",3.9,"",-3.8,"",-1.3,"",-8.2,"",.0,"9","",0,"9"
"253210210","MYSZYNIEC","2001","03","26",.8,"",-4.3,"",-2.4,"",-7.3,"",.0,"9","",0,"9"
"253210210","MYSZYNIEC","2001","03","27",2.0,"",-8.6,"",-4.0,"",-15.1,"",.0,"9","",0,"9"
"253210210","MYSZYNIEC","2001","03","28",5.7,"",-9.8,"",-2.6,"",-17.5,"",.0,"9","",0,"9"
"253210210","MYSZYNIEC","2001","03","29",6.9,"",-8.3,"",.0,"",-15.6,"",.0,"9","",0,"9"
"253210210","MYSZYNIEC","2001","03","30",8.8,"",-2.4,"",2.9,"",-8.2,"",.0,"9","",0,"9"
"253210210","MYSZYNIEC","2001","03","31",8.3,"",-.5,"",3.5,"",-5.3,"",.0,"9","",0,"9"
"253220070","BIEBRZA-PIEÑCZYKÓWEK","2001","03","01",1.9,"",-9.8,"",-3.2,"",-11.3,"",4.3,"","S",0,"9"
"253220070","BIEBRZA-PIEÑCZYKÓWEK","2001","03","02",2.6,"",-1.0,"",.3,"",-1.2,"",.0,"9","",2,""
"253220070","BIEBRZA-PIEÑCZYKÓWEK","2001","03","03",4.7,"",-2.1,"",.7,"",-5.2,"",.0,"","S",2,""
"253220070","BIEBRZA-PIEÑCZYKÓWEK","2001","03","04",1.4,"",-3.5,"",-.8,"",-5.6,"",7.7,"","S",1,""
"253220070","BIEBRZA-PIEÑCZYKÓWEK","2001","03","05",.4,"",-6.8,"",-3.6,"",-11.3,"",.0,"9","",10,""
"253220070","BIEBRZA-PIEÑCZYKÓWEK","2001","03","06",2.3,"",-12.0,"",-5.1,"",-20.7,"",.0,"9","",6,""
"253220070","BIEBRZA-PIEÑCZYKÓWEK","2001","03","07",4.4,"",-11.9,"",-4.2,"",-15.3,"",.0,"9","",6,""
"253220070","BIEBRZA-PIEÑCZYKÓWEK","2001","03","08",6.4,"",-6.4,"",-.3,"",-10.3,"",.0,"9","",4,""
"253220070","BIEBRZA-PIEÑCZYKÓWEK","2001","03","09",4.9,"",-1.2,"",2.0,"",-2.5,"",.0,"","W",2,""
"253220070","BIEBRZA-PIEÑCZYKÓWEK","2001","03","10",10.8,"",3.1,"",6.5,"",2.1,"",.5,"","W",0,"9"
"253220070","BIEBRZA-PIEÑCZYKÓWEK","2001","03","11",10.8,"",3.6,"",6.6,"",3.6,"",.9,"","W",0,"9"
"253220070","BIEBRZA-PIEÑCZYKÓWEK","2001","03","12",14.3,"",4.6,"",9.5,"",2.6,"",.5,"","W",0,"9"
"253220070","BIEBRZA-PIEÑCZYKÓWEK","2001","03","13",12.5,"",3.4,"",7.2,"",3.5,"",4.0,"","W",0,"9"
"253220070","BIEBRZA-PIEÑCZYKÓWEK","2001","03","14",10.8,"",2.6,"",5.3,"",.3,"",2.3,"","W",0,"9"
"253220070","BIEBRZA-PIEÑCZYKÓWEK","2001","03","15",6.4,"",.6,"",3.2,"",-1.5,"",2.2,"","W",0,"9"
"253220070","BIEBRZA-PIEÑCZYKÓWEK","2001","03","16",7.3,"",-2.3,"",2.3,"",-4.3,"",2.5,"","S",0,"9"
"253220070","BIEBRZA-PIEÑCZYKÓWEK","2001","03","17",3.4,"",-4.3,"",.2,"",-10.6,"",.0,"9","",2,""
"253220070","BIEBRZA-PIEÑCZYKÓWEK","2001","03","18",2.5,"",-.6,"",.6,"",-.8,"",.0,"9","",0,"9"
"253220070","BIEBRZA-PIEÑCZYKÓWEK","2001","03","19",2.4,"",-2.4,"",.0,"",-2.6,"",6.6,"","S",0,"9"
"253220070","BIEBRZA-PIEÑCZYKÓWEK","2001","03","20",1.8,"",-2.8,"",-.8,"",-2.9,"",1.8,"","S",1,""
"253220070","BIEBRZA-PIEÑCZYKÓWEK","2001","03","21",.3,"",-6.1,"",-3.4,"",-8.2,"",.0,"9","",2,""
"253220070","BIEBRZA-PIEÑCZYKÓWEK","2001","03","22",2.9,"",-8.7,"",-3.5,"",-10.7,"",.0,"9","",0,"9"
"253220070","BIEBRZA-PIEÑCZYKÓWEK","2001","03","23",.6,"",-6.8,"",-3.5,"",-8.6,"",.0,"9","",0,"9"
"253220070","BIEBRZA-PIEÑCZYKÓWEK","2001","03","24",3.8,"",-10.5,"",-3.2,"",-11.4,"",.0,"9","",0,"9"
"253220070","BIEBRZA-PIEÑCZYKÓWEK","2001","03","25",3.5,"",-7.4,"",-2.4,"",-12.0,"",.0,"9","",0,"9"
"253220070","BIEBRZA-PIEÑCZYKÓWEK","2001","03","26",.9,"",-7.1,"",-3.3,"",-11.2,"",.0,"9","",0,"9"
"253220070","BIEBRZA-PIEÑCZYKÓWEK","2001","03","27",2.9,"",-8.4,"",-3.0,"",-11.3,"",.0,"9","",0,"9"
"253220070","BIEBRZA-PIEÑCZYKÓWEK","2001","03","28",5.6,"",-9.3,"",-2.4,"",-13.1,"",.0,"9","",0,"9"
"253220070","BIEBRZA-PIEÑCZYKÓWEK","2001","03","29",8.0,"",-6.4,"",.6,"",-10.8,"",.0,"9","",0,"9"
"253220070","BIEBRZA-PIEÑCZYKÓWEK","2001","03","30",9.8,"",-3.0,"",3.1,"",-5.0,"",.0,"9","",0,"9"
"253220070","BIEBRZA-PIEÑCZYKÓWEK","2001","03","31",10.3,"",-.8,"",4.9,"",-1.9,"",.0,"9","",0,"9"
"253220180","MARIANOWO","2001","03","01",2.3,"",-7.2,"",-2.5,"",-8.3,"",4.0,"","S",3,""
"253220180","MARIANOWO","2001","03","02",4.1,"",-.9,"",1.1,"",-1.5,"",.2,"","S",9,""
"253220180","MARIANOWO","2001","03","03",3.4,"",-2.6,"",-.1,"",-6.3,"",.0,"","S",7,""
"253220180","MARIANOWO","2001","03","04",1.6,"",-2.1,"",-.3,"",-5.3,"",7.1,"","S",3,""
"253220180","MARIANOWO","2001","03","05",.3,"",-3.1,"",-1.5,"",-8.2,"",.0,"9","",12,""
"253220180","MARIANOWO","2001","03","06",2.6,"",-9.3,"",-4.4,"",-16.6,"",.0,"9","",9,""
"253220180","MARIANOWO","2001","03","07",4.5,"",-8.3,"",-2.9,"",-13.6,"",.0,"9","",9,""
"253220180","MARIANOWO","2001","03","08",6.3,"",-3.9,"",.8,"",-8.7,"",.0,"9","",6,""
"253220180","MARIANOWO","2001","03","09",5.1,"",-.5,"",2.5,"",-2.0,"",.0,"9","",3,""
"253220180","MARIANOWO","2001","03","10",12.3,"",4.1,"",7.2,"",1.6,"",.2,"","W",0,"9"
"253220180","MARIANOWO","2001","03","11",12.5,"",3.6,"",7.6,"",-.2,"",.3,"","W",0,"9"
"253220180","MARIANOWO","2001","03","12",16.0,"",6.8,"",10.8,"",3.2,"",.3,"","W",0,"9"
"253220180","MARIANOWO","2001","03","13",13.0,"",3.9,"",7.7,"",3.2,"",1.3,"","W",0,"9"
"253220180","MARIANOWO","2001","03","14",10.6,"",3.8,"",5.9,"",1.6,"",1.6,"","W",0,"9"
"253220180","MARIANOWO","2001","03","15",7.4,"",1.4,"",3.8,"",-.6,"",.1,"","W",0,"9"
"253220180","MARIANOWO","2001","03","16",6.9,"",1.1,"",3.4,"",-1.0,"",1.3,"","S",0,"9"
"253220180","MARIANOWO","2001","03","17",3.6,"",-.9,"",1.2,"",-1.5,"",.0,"9","",0,""
"253220180","MARIANOWO","2001","03","18",2.9,"",.0,"",.9,"",-1.5,"",.0,"","S",0,"9"
"253220180","MARIANOWO","2001","03","19",2.9,"",-1.0,"",1.0,"",-2.5,"",7.3,"","S",0,"9"
"253220180","MARIANOWO","2001","03","20",2.4,"",-3.1,"",-.8,"",-4.3,"",1.0,"","S",0,"9"
"253220180","MARIANOWO","2001","03","21",1.1,"",-4.6,"",-1.9,"",-6.7,"",.0,"9","",2,""
"253220180","MARIANOWO","2001","03","22",2.5,"",-6.1,"",-1.9,"",-7.3,"",.0,"9","",0,"9"
"253220180","MARIANOWO","2001","03","23",1.7,"",-3.6,"",-1.7,"",-4.8,"",.0,"9","",0,"9"
"253220180","MARIANOWO","2001","03","24",2.9,"",-6.2,"",-1.3,"",-7.6,"",.0,"9","",0,"9"
"253220180","MARIANOWO","2001","03","25",2.9,"",-3.9,"",-1.1,"",-4.4,"",.0,"9","",0,"9"
"253220180","MARIANOWO","2001","03","26",1.6,"",-4.1,"",-2.0,"",-4.6,"",.0,"9","",0,"9"
"253220180","MARIANOWO","2001","03","27",2.5,"",-6.7,"",-2.6,"",-7.7,"",.0,"9","",0,"9"
"253220180","MARIANOWO","2001","03","28",5.4,"",-6.7,"",-.7,"",-8.7,"",.0,"9","",0,"9"
"253220180","MARIANOWO","2001","03","29",6.8,"",-3.5,"",1.2,"",-5.8,"",.0,"9","",0,"9"
"253220180","MARIANOWO","2001","03","30",8.0,"",-1.5,"",3.0,"",-3.4,"",.0,"9","",0,"9"
"253220180","MARIANOWO","2001","03","31",9.6,"",-.8,"",4.4,"",-2.7,"",.0,"9","",0,"9"
"253230020","RÓ¯ANYSTOK","2001","03","01",1.1,"",-8.0,"",-3.5,"",-12.9,"",4.0,"","S",8,""
"253230020","RÓ¯ANYSTOK","2001","03","02",1.3,"",-1.0,"",-.1,"",-5.7,"",.0,"9","",14,""
"253230020","RÓ¯ANYSTOK","2001","03","03",4.0,"",-1.6,"",.7,"",-5.9,"",.0,"9","",9,""
"253230020","RÓ¯ANYSTOK","2001","03","04",2.0,"",-3.7,"",-1.1,"",-10.9,"",12.8,"","S",8,""
"253230020","RÓ¯ANYSTOK","2001","03","05",.9,"",-5.0,"",-2.4,"",-11.9,"",.0,"9","",18,""
"253230020","RÓ¯ANYSTOK","2001","03","06",.8,"",-9.1,"",-4.5,"",-23.5,"",.0,"9","",16,""
"253230020","RÓ¯ANYSTOK","2001","03","07",3.3,"",-5.5,"",-2.2,"",-15.4,"",.0,"9","",14,""
"253230020","RÓ¯ANYSTOK","2001","03","08",5.4,"",-6.0,"",-.6,"",-12.4,"",.0,"9","",12,""
"253230020","RÓ¯ANYSTOK","2001","03","09",3.5,"",-2.5,"",.9,"",-4.3,"",.0,"9","",10,""
"253230020","RÓ¯ANYSTOK","2001","03","10",9.2,"",2.4,"",5.5,"",-.5,"",1.3,"","W",6,""
"253230020","RÓ¯ANYSTOK","2001","03","11",8.6,"",3.4,"",5.7,"",-.5,"",.0,"9","",0,"9"
"253230020","RÓ¯ANYSTOK","2001","03","12",13.6,"",4.4,"",8.6,"",.4,"",.0,"9","",0,"9"
"253230020","RÓ¯ANYSTOK","2001","03","13",11.6,"",5.2,"",7.8,"",3.2,"",1.4,"","W",0,"9"
"253230020","RÓ¯ANYSTOK","2001","03","14",10.4,"",2.6,"",5.3,"",.7,"",2.4,"","W",0,"9"
"253230020","RÓ¯ANYSTOK","2001","03","15",6.2,"",1.2,"",3.3,"",-7.0,"",.0,"9","",0,"9"
"253230020","RÓ¯ANYSTOK","2001","03","16",6.4,"",.0,"",3.4,"",-4.8,"",2.1,"","S",0,"9"
"253230020","RÓ¯ANYSTOK","2001","03","17",3.7,"",-3.0,"",.3,"",-3.8,"",.0,"9","",0,""
"253230020","RÓ¯ANYSTOK","2001","03","18",2.4,"",-.6,"",.2,"",-3.8,"",.0,"9","",0,"9"
"253230020","RÓ¯ANYSTOK","2001","03","19",2.0,"",-1.7,"",-.2,"",-5.2,"",7.8,"","S",0,"9"
"253230020","RÓ¯ANYSTOK","2001","03","20",1.8,"",-3.0,"",-1.0,"",-5.2,"",1.5,"","S",0,""
"253230020","RÓ¯ANYSTOK","2001","03","21",-.2,"",-5.6,"",-3.5,"",-9.9,"",.0,"9","",1,""
"253230020","RÓ¯ANYSTOK","2001","03","22",2.3,"",-6.4,"",-2.6,"",-11.6,"",.0,"9","",0,"9"
"253230020","RÓ¯ANYSTOK","2001","03","23",1.3,"",-5.7,"",-3.3,"",-10.1,"",.0,"9","",0,"9"
"253230020","RÓ¯ANYSTOK","2001","03","24",3.9,"",-6.0,"",-2.0,"",-11.9,"",.0,"9","",0,"9"
"253230020","RÓ¯ANYSTOK","2001","03","25",3.3,"",-6.2,"",-2.6,"",-9.9,"",.0,"9","",0,"9"
"253230020","RÓ¯ANYSTOK","2001","03","26",1.4,"",-5.6,"",-3.0,"",-9.0,"",.0,"9","",0,"9"
"253230020","RÓ¯ANYSTOK","2001","03","27",3.3,"",-9.0,"",-3.5,"",-12.9,"",.0,"9","",0,"9"
"253230020","RÓ¯ANYSTOK","2001","03","28",5.9,"",-7.0,"",-1.1,"",-12.9,"",.0,"9","",0,"9"
"253230020","RÓ¯ANYSTOK","2001","03","29",7.3,"",-3.5,"",1.3,"",-10.4,"",.0,"9","",0,"9"
"253230020","RÓ¯ANYSTOK","2001","03","30",8.5,"",-2.5,"",2.9,"",-7.6,"",.0,"9","",0,"9"
"253230020","RÓ¯ANYSTOK","2001","03","31",11.5,"",-1.1,"",4.8,"",-3.1,"",.0,"9","",0,"9"
"254140010","DZIWNÓW","2001","03","01",2.6,"",-2.4,"",-.7,"",.0,"8",.1,"","S",2,""
"254140010","DZIWNÓW","2001","03","02",2.0,"",-3.2,"",-1.0,"",.0,"8",.5,"","S",2,""
"254140010","DZIWNÓW","2001","03","03",2.0,"",-7.1,"",-3.2,"",.0,"8",.0,"9","",2,""
"254140010","DZIWNÓW","2001","03","04",1.1,"",-2.2,"",-.9,"",.0,"8",1.8,"","S",0,"9"
"254140010","DZIWNÓW","2001","03","05",3.8,"",-1.5,"",.3,"",.0,"8",.0,"9","",8,""
"254140010","DZIWNÓW","2001","03","06",4.2,"",-5.5,"",-1.9,"",.0,"8",.0,"9","",2,""
"254140010","DZIWNÓW","2001","03","07",7.5,"",-4.3,"",.8,"",.0,"8",.1,"","W",1,""
"254140010","DZIWNÓW","2001","03","08",7.3,"",1.7,"",3.7,"",.0,"8",.1,"","W",0,"9"
"254140010","DZIWNÓW","2001","03","09",7.4,"",3.4,"",5.2,"",.0,"8",.0,"9","",0,"9"
"254140010","DZIWNÓW","2001","03","10",11.8,"",5.9,"",8.1,"",.0,"8",5.2,"","W",0,"9"
"254140010","DZIWNÓW","2001","03","11",10.4,"",5.9,"",7.9,"",.0,"8",.7,"","W",0,"9"
"254140010","DZIWNÓW","2001","03","12",13.9,"",5.3,"",8.2,"",.0,"8",1.5,"","W",0,"9"
"254140010","DZIWNÓW","2001","03","13",9.2,"",3.4,"",5.7,"",.0,"8",.7,"","W",0,"9"
"254140010","DZIWNÓW","2001","03","14",6.5,"",3.3,"",4.2,"",.0,"8",1.5,"","W",0,"9"
"254140010","DZIWNÓW","2001","03","15",6.1,"",2.1,"",3.3,"",.0,"8",2.5,"","S",0,"9"
"254140010","DZIWNÓW","2001","03","16",5.6,"",.6,"",2.1,"",.0,"8",2.2,"","W",0,"9"
"254140010","DZIWNÓW","2001","03","17",4.4,"",-1.5,"",1.3,"",.0,"8",.0,"9","",0,"9"
"254140010","DZIWNÓW","2001","03","18",3.6,"",1.0,"",1.8,"",.0,"8",7.5,"","S",0,"9"
"254140010","DZIWNÓW","2001","03","19",1.5,"",-.6,"",.3,"",.0,"8",9.8,"","S",6,""
"254140010","DZIWNÓW","2001","03","20",1.9,"",-1.4,"",-.5,"",.0,"8",.3,"","S",5,""
"254140010","DZIWNÓW","2001","03","21",2.8,"",-2.0,"",-.2,"",.0,"8",.0,"9","",4,""
"254140010","DZIWNÓW","2001","03","22",3.9,"",-3.7,"",-.4,"",.0,"8",.0,"9","",2,""
"254140010","DZIWNÓW","2001","03","23",5.3,"",-1.6,"",1.1,"",.0,"8",.0,"9","",0,"9"
"254140010","DZIWNÓW","2001","03","24",3.8,"",-1.3,"",.8,"",.0,"8",.0,"9","",0,"9"
"254140010","DZIWNÓW","2001","03","25",3.6,"",-1.8,"",.3,"",.0,"8",.0,"9","",0,"9"
"254140010","DZIWNÓW","2001","03","26",3.3,"",-1.0,"",.4,"",.0,"8",.0,"9","",0,"9"
"254140010","DZIWNÓW","2001","03","27",3.6,"",-4.7,"",-.6,"",.0,"8",.0,"9","",0,"9"
"254140010","DZIWNÓW","2001","03","28",7.4,"",-3.7,"",1.0,"",.0,"8",.0,"9","",0,"9"
"254140010","DZIWNÓW","2001","03","29",7.7,"",-.1,"",3.4,"",.0,"8",.0,"9","",0,"9"
"254140010","DZIWNÓW","2001","03","30",8.8,"",1.7,"",4.6,"",.0,"8",3.0,"","W",0,"9"
"254140010","DZIWNÓW","2001","03","31",9.7,"",3.4,"",6.4,"",.0,"8",.0,"9","",0,"9"
"254160020","DAR£OWO","2001","03","01",2.7,"",-4.1,"",-1.0,"",.0,"8",.0,"9","",0,"9"
"254160020","DAR£OWO","2001","03","02",3.7,"",-3.9,"",-.6,"",.0,"8",1.0,"","S",0,"9"
"254160020","DAR£OWO","2001","03","03",3.2,"",-2.1,"",.1,"",.0,"8",.8,"","S",0,"9"
"254160020","DAR£OWO","2001","03","04",1.8,"",-3.1,"",-.8,"",.0,"8",.5,"","S",0,"9"
"254160020","DAR£OWO","2001","03","05",2.8,"",-1.0,"",1.0,"",.0,"8",.0,"9","",0,"9"
"254160020","DAR£OWO","2001","03","06",4.5,"",-4.1,"",-.6,"",.0,"8",.0,"9","",0,"9"
"254160020","DAR£OWO","2001","03","07",7.5,"",-5.2,"",.4,"",.0,"8",.0,"9","",0,"9"
"254160020","DAR£OWO","2001","03","08",7.7,"",.5,"",3.9,"",.0,"8",.0,"9","",0,"9"
"254160020","DAR£OWO","2001","03","09",6.4,"",1.0,"",3.7,"",.0,"8",3.1,"","W",0,"9"
"254160020","DAR£OWO","2001","03","10",10.9,"",4.5,"",7.6,"",.0,"8",6.4,"","W",0,"9"
"254160020","DAR£OWO","2001","03","11",10.7,"",5.4,"",7.6,"",.0,"8",.0,"9","",0,"9"
"254160020","DAR£OWO","2001","03","12",12.3,"",6.4,"",8.3,"",.0,"8",.3,"","W",0,"9"
"254160020","DAR£OWO","2001","03","13",7.5,"",3.3,"",4.7,"",.0,"8",2.2,"","W",0,"9"
"254160020","DAR£OWO","2001","03","14",5.6,"",3.0,"",4.1,"",.0,"8",4.2,"","W",0,"9"
"254160020","DAR£OWO","2001","03","15",4.6,"",2.5,"",3.4,"",.0,"8",.5,"","W",0,"9"
"254160020","DAR£OWO","2001","03","16",5.5,"",-1.0,"",1.7,"",.0,"8",3.0,"","W",0,"9"
"254160020","DAR£OWO","2001","03","17",4.0,"",1.5,"",2.4,"",.0,"8",.0,"9","",0,"9"
"254160020","DAR£OWO","2001","03","18",3.5,"",.2,"",1.4,"",.0,"8",.3,"","S",0,"9"
"254160020","DAR£OWO","2001","03","19",1.0,"",-1.5,"",-.3,"",.0,"8",12.0,"","S",0,""
"254160020","DAR£OWO","2001","03","20",1.2,"",-1.5,"",-.3,"",.0,"8",.5,"","S",20,""
"254160020","DAR£OWO","2001","03","21",3.8,"",-8.7,"",-3.7,"",.0,"8",.0,"9","",15,""
"254160020","DAR£OWO","2001","03","22",2.6,"",-9.2,"",-3.6,"",.0,"8",.0,"9","",10,""
"254160020","DAR£OWO","2001","03","23",3.0,"",-3.9,"",-1.1,"",.0,"8",.0,"9","",5,""
"254160020","DAR£OWO","2001","03","24",3.0,"",-4.6,"",-1.2,"",.0,"8",.0,"9","",5,""
"254160020","DAR£OWO","2001","03","25",2.7,"",-3.1,"",-.8,"",.0,"8",.0,"9","",0,"9"
"254160020","DAR£OWO","2001","03","26",1.8,"",-2.6,"",-1.0,"",.0,"8",.0,"9","",0,"9"
"254160020","DAR£OWO","2001","03","27",2.5,"",-6.2,"",-2.1,"",.0,"8",.0,"9","",0,"9"
"254160020","DAR£OWO","2001","03","28",6.5,"",-7.0,"",-.6,"",.0,"8",.0,"9","",0,"9"
"254160020","DAR£OWO","2001","03","29",8.5,"",-.5,"",3.5,"",.0,"8",.0,"9","",0,"9"
"254160020","DAR£OWO","2001","03","30",7.4,"",1.7,"",4.6,"",.0,"8",1.0,"","W",0,"9"
"254160020","DAR£OWO","2001","03","31",7.2,"",2.0,"",4.1,"",.0,"8",.0,"9","",0,"9"
"254160110","MIASTKO","2001","03","01",1.0,"",-4.2,"",-2.0,"",.0,"8",.2,"","S",4,""
"254160110","MIASTKO","2001","03","02",3.0,"",-6.6,"",-2.1,"",.0,"8",.2,"","S",4,""
"254160110","MIASTKO","2001","03","03",2.0,"",-8.4,"",-4.2,"",.0,"8",.0,"9","",2,""
"254160110","MIASTKO","2001","03","04",-.3,"",-8.4,"",-3.3,"",.0,"8",1.2,"","S",1,""
"254160110","MIASTKO","2001","03","05",2.7,"",-2.0,"",-.7,"",.0,"8",.0,"9","",2,""
"254160110","MIASTKO","2001","03","06",5.6,"",-11.0,"",-3.7,"",.0,"8",.0,"9","",1,""
"254160110","MIASTKO","2001","03","07",6.3,"",-9.6,"",-2.8,"",.0,"8",.0,"9","",1,""
"254160110","MIASTKO","2001","03","08",7.2,"",-1.4,"",2.3,"",.0,"8",.0,"9","",0,"9"
"254160110","MIASTKO","2001","03","09",3.8,"",.4,"",2.0,"",.0,"8",2.6,"","W",0,"9"
"254160110","MIASTKO","2001","03","10",9.9,"",2.5,"",6.5,"",.0,"8",1.8,"","W",0,"9"
"254160110","MIASTKO","2001","03","11",10.7,"",3.7,"",6.8,"",.0,"8",.0,"9","",0,"9"
"254160110","MIASTKO","2001","03","12",11.4,"",6.7,"",8.3,"",.0,"8",.2,"","W",0,"9"
"254160110","MIASTKO","2001","03","13",8.1,"",2.7,"",4.6,"",.0,"8",.2,"","W",0,"9"
"254160110","MIASTKO","2001","03","14",6.5,"",2.4,"",3.6,"",.0,"8",6.5,"","W",0,"9"
"254160110","MIASTKO","2001","03","15",4.5,"",.9,"",2.4,"",.0,"8",.4,"","W",0,"9"
"254160110","MIASTKO","2001","03","16",7.0,"",.1,"",2.0,"",.0,"8",3.5,"","W",0,"9"
"254160110","MIASTKO","2001","03","17",4.2,"",-2.0,"",.6,"",.0,"8",.0,"9","",0,"9"
"254160110","MIASTKO","2001","03","18",4.4,"",-1.8,"",.5,"",.0,"8",1.9,"","S",0,"9"
"254160110","MIASTKO","2001","03","19",1.7,"",-1.7,"",-.2,"",.0,"8",14.3,"","S",2,""
"254160110","MIASTKO","2001","03","20",3.0,"",-2.8,"",-1.3,"",.0,"8",2.1,"","S",18,""
"254160110","MIASTKO","2001","03","21",2.4,"",-12.7,"",-5.7,"",.0,"8",.0,"9","",18,""
"254160110","MIASTKO","2001","03","22",1.5,"",-10.4,"",-4.6,"",.0,"8",.0,"9","",13,""
"254160110","MIASTKO","2001","03","23",2.5,"",-6.2,"",-2.5,"",.0,"8",.0,"9","",10,""
"254160110","MIASTKO","2001","03","24",2.0,"",-4.4,"",-1.5,"",.0,"8",.0,"9","",8,""
"254160110","MIASTKO","2001","03","25",1.1,"",-4.6,"",-1.9,"",.0,"8",.0,"9","",6,""
"254160110","MIASTKO","2001","03","26",.5,"",-4.7,"",-2.5,"",.0,"8",.0,"","S",6,""
"254160110","MIASTKO","2001","03","27",1.6,"",-9.0,"",-3.1,"",.0,"8",.0,"9","",4,""
"254160110","MIASTKO","2001","03","28",4.7,"",-9.0,"",-1.9,"",.0,"8",.0,"9","",3,""
"254160110","MIASTKO","2001","03","29",6.7,"",-.7,"",2.5,"",.0,"8",.0,"9","",0,"9"
"254160110","MIASTKO","2001","03","30",5.5,"",.4,"",3.2,"",.0,"8",2.4,"","W",0,"9"
"254160110","MIASTKO","2001","03","31",11.1,"",1.9,"",6.1,"",.0,"8",.0,"9","",0,"9"
"254170040","KAR¯NICZKA","2001","03","01",.7,"",-3.4,"",-1.5,"",-7.5,"",.0,"","S",7,""
"254170040","KAR¯NICZKA","2001","03","02",2.3,"",-7.7,"",-2.3,"",-13.1,"",.0,"9","",7,""
"254170040","KAR¯NICZKA","2001","03","03",2.3,"",-5.5,"",-2.6,"",-10.0,"",.0,"9","",7,""
"254170040","KAR¯NICZKA","2001","03","04",.8,"",-9.9,"",-4.2,"",-12.6,"",.5,"","S",7,""
"254170040","KAR¯NICZKA","2001","03","05",2.3,"",-6.1,"",-2.5,"",-10.5,"",.0,"9","",8,""
"254170040","KAR¯NICZKA","2001","03","06",1.8,"",-11.9,"",-4.3,"",-14.1,"",.0,"9","",8,""
"254170040","KAR¯NICZKA","2001","03","07",5.9,"",-9.3,"",-2.1,"",-13.1,"",.0,"9","",7,""
"254170040","KAR¯NICZKA","2001","03","08",6.9,"",-.7,"",2.9,"",-2.5,"",.0,"9","",6,""
"254170040","KAR¯NICZKA","2001","03","09",5.5,"",1.4,"",2.9,"",.0,"",4.1,"","W",5,""
"254170040","KAR¯NICZKA","2001","03","10",10.0,"",2.4,"",6.2,"",2.0,"",8.4,"","W",0,"9"
"254170040","KAR¯NICZKA","2001","03","11",11.5,"",5.4,"",7.8,"",4.0,"",.3,"","W",0,"9"
"254170040","KAR¯NICZKA","2001","03","12",12.0,"",7.4,"",9.1,"",6.0,"",1.8,"","W",0,"9"
"254170040","KAR¯NICZKA","2001","03","13",9.0,"",3.4,"",5.3,"",3.0,"",1.0,"","W",0,"9"
"254170040","KAR¯NICZKA","2001","03","14",5.9,"",1.9,"",3.4,"",2.0,"",4.3,"","W",0,"9"
"254170040","KAR¯NICZKA","2001","03","15",4.3,"",.9,"",2.9,"",.0,"",.6,"","W",0,"9"
"254170040","KAR¯NICZKA","2001","03","16",6.4,"",-.1,"",1.9,"",-1.5,"",3.2,"","W",0,"9"
"254170040","KAR¯NICZKA","2001","03","17",2.8,"",-1.2,"",.8,"",-2.5,"",.7,"","S",0,"9"
"254170040","KAR¯NICZKA","2001","03","18",2.8,"",-.7,"",.5,"",-.7,"",.3,"","S",0,"9"
"254170040","KAR¯NICZKA","2001","03","19",-.1,"",-2.3,"",-1.2,"",-3.0,"",12.2,"","S",1,""
"254170040","KAR¯NICZKA","2001","03","20",.2,"",-2.3,"",-1.6,"",-2.5,"",2.8,"","S",14,""
"254170040","KAR¯NICZKA","2001","03","21",.8,"",-12.4,"",-6.7,"",-16.6,"",.0,"9","",14,""
"254170040","KAR¯NICZKA","2001","03","22",.8,"",-14.1,"",-6.1,"",-18.2,"",.0,"9","",13,""
"254170040","KAR¯NICZKA","2001","03","23",1.3,"",-8.4,"",-3.5,"",-14.1,"",.0,"9","",12,""
"254170040","KAR¯NICZKA","2001","03","24",1.8,"",-6.2,"",-2.3,"",-18.2,"",.0,"9","",12,""
"254170040","KAR¯NICZKA","2001","03","25",.6,"",-3.9,"",-1.8,"",-5.5,"",.0,"9","",10,""
"254170040","KAR¯NICZKA","2001","03","26",.2,"",-5.0,"",-2.8,"",-8.0,"",.0,"9","",10,""
"254170040","KAR¯NICZKA","2001","03","27",.9,"",-9.9,"",-4.5,"",-14.1,"",.0,"9","",9,""
"254170040","KAR¯NICZKA","2001","03","28",4.5,"",-10.4,"",-2.8,"",-14.1,"",.0,"9","",9,""
"254170040","KAR¯NICZKA","2001","03","29",6.4,"",-1.6,"",2.2,"",-4.0,"",.0,"9","",7,""
"254170040","KAR¯NICZKA","2001","03","30",5.4,"",.9,"",3.1,"",-1.5,"",.0,"9","",0,"9"
"254170040","KAR¯NICZKA","2001","03","31",9.5,"",2.9,"",5.7,"",1.0,"",.0,"9","",0,"9"
"254170140","KOŒCIERZYNA","2001","03","01",-.3,"",-4.9,"",-2.4,"",-7.2,"",1.0,"","S",4,""
"254170140","KOŒCIERZYNA","2001","03","02",2.8,"",-7.9,"",-3.0,"",-12.2,"",.0,"9","",6,""
"254170140","KOŒCIERZYNA","2001","03","03",2.6,"",-6.8,"",-2.8,"",-11.6,"",.0,"9","",4,""
"254170140","KOŒCIERZYNA","2001","03","04",-.5,"",-5.9,"",-3.0,"",-9.8,"",2.0,"","S",4,""
"254170140","KOŒCIERZYNA","2001","03","05",1.8,"",-2.8,"",-1.1,"",-9.3,"",.0,"9","",8,""
"254170140","KOŒCIERZYNA","2001","03","06",5.4,"",-8.3,"",-2.8,"",-13.2,"",.0,"9","",7,""
"254170140","KOŒCIERZYNA","2001","03","07",6.6,"",-8.5,"",-2.2,"",-12.7,"",.0,"9","",5,""
"254170140","KOŒCIERZYNA","2001","03","08",6.5,"",-2.6,"",1.3,"",-4.7,"",.0,"9","",4,""
"254170140","KOŒCIERZYNA","2001","03","09",4.6,"",.2,"",1.8,"",-.9,"",2.6,"","W",0,"9"
"254170140","KOŒCIERZYNA","2001","03","10",8.3,"",1.6,"",5.1,"",1.5,"",3.5,"","W",0,"9"
"254170140","KOŒCIERZYNA","2001","03","11",10.4,"",4.0,"",6.9,"",4.0,"",.0,"9","",0,"9"
"254170140","KOŒCIERZYNA","2001","03","12",11.8,"",6.4,"",8.9,"",6.4,"",6.8,"","W",0,"9"
"254170140","KOŒCIERZYNA","2001","03","13",10.1,"",2.8,"",5.3,"",2.7,"",1.6,"","W",0,"9"
"254170140","KOŒCIERZYNA","2001","03","14",5.8,"",1.2,"",2.8,"",.8,"",3.7,"","W",0,"9"
"254170140","KOŒCIERZYNA","2001","03","15",4.3,"",.8,"",2.3,"",.6,"",1.3,"","W",0,"9"
"254170140","KOŒCIERZYNA","2001","03","16",7.4,"",.3,"",2.3,"",-1.3,"",2.9,"","W",0,"9"
"254170140","KOŒCIERZYNA","2001","03","17",3.4,"",-2.0,"",.4,"",-3.8,"",.0,"9","",0,"9"
"254170140","KOŒCIERZYNA","2001","03","18",1.6,"",-1.0,"",-.2,"",-1.1,"",1.1,"","S",0,"9"
"254170140","KOŒCIERZYNA","2001","03","19",.7,"",-2.7,"",-1.0,"",-2.8,"",10.8,"","S",2,""
"254170140","KOŒCIERZYNA","2001","03","20",.1,"",-3.2,"",-2.2,"",-3.2,"",.9,"","S",17,""
"254170140","KOŒCIERZYNA","2001","03","21",1.1,"",-7.5,"",-3.8,"",-16.4,"",.0,"9","",18,""
"254170140","KOŒCIERZYNA","2001","03","22",.7,"",-11.8,"",-5.6,"",-18.6,"",.0,"9","",17,""
"254170140","KOŒCIERZYNA","2001","03","23",1.2,"",-7.5,"",-3.7,"",-13.8,"",.0,"9","",15,""
"254170140","KOŒCIERZYNA","2001","03","24",.7,"",-6.1,"",-2.7,"",-8.2,"",.0,"9","",14,""
"254170140","KOŒCIERZYNA","2001","03","25",.1,"",-5.8,"",-2.9,"",-7.2,"",.0,"9","",13,""
"254170140","KOŒCIERZYNA","2001","03","26",.2,"",-5.7,"",-2.9,"",-8.0,"",.2,"","S",13,""
"254170140","KOŒCIERZYNA","2001","03","27",-.3,"",-9.3,"",-4.7,"",-16.9,"",.0,"9","",13,""
"254170140","KOŒCIERZYNA","2001","03","28",4.2,"",-8.4,"",-1.7,"",-13.8,"",.0,"9","",12,""
"254170140","KOŒCIERZYNA","2001","03","29",5.8,"",-3.6,"",.8,"",-5.8,"",.0,"9","",10,""
"254170140","KOŒCIERZYNA","2001","03","30",4.8,"",-.6,"",2.2,"",-1.8,"",2.7,"","W",6,""
"254170140","KOŒCIERZYNA","2001","03","31",10.9,"",3.0,"",6.0,"",-.3,"",.0,"9","",0,"9"
"254180010","ROZEWIE","2001","03","01",.4,"",-2.3,"",-1.2,"",.0,"8",1.6,"","S",4,""
"254180010","ROZEWIE","2001","03","02",4.4,"",-4.6,"",-1.1,"",.0,"8",.2,"","S",10,""
"254180010","ROZEWIE","2001","03","03",3.6,"",-3.4,"",-1.1,"",.0,"8",.0,"","S",6,""
"254180010","ROZEWIE","2001","03","04",2.0,"",-2.9,"",-.2,"",.0,"8",.0,"9","",6,""
"254180010","ROZEWIE","2001","03","05",4.7,"",-1.0,"",.9,"",.0,"8",.0,"9","",5,""
"254180010","ROZEWIE","2001","03","06",4.4,"",-3.9,"",-.9,"",.0,"8",.0,"9","",4,""
"254180010","ROZEWIE","2001","03","07",4.4,"",-1.9,"",.6,"",.0,"8",.0,"9","",4,""
"254180010","ROZEWIE","2001","03","08",6.2,"",-1.9,"",2.0,"",.0,"8",.0,"9","",2,""
"254180010","ROZEWIE","2001","03","09",4.5,"",1.0,"",2.4,"",.0,"8",3.8,"","W",0,"9"
"254180010","ROZEWIE","2001","03","10",10.2,"",2.5,"",6.6,"",.0,"8",1.8,"","W",0,"9"
"254180010","ROZEWIE","2001","03","11",13.0,"",6.9,"",8.6,"",.0,"8",.8,"","W",0,"9"
"254180010","ROZEWIE","2001","03","12",13.2,"",7.4,"",9.3,"",.0,"8",.2,"","W",0,"9"
"254180010","ROZEWIE","2001","03","13",9.4,"",3.5,"",5.1,"",.0,"8",.0,"9","",0,"9"
"254180010","ROZEWIE","2001","03","14",7.2,"",3.3,"",4.6,"",.0,"8",1.8,"","W",0,"9"
"254180010","ROZEWIE","2001","03","15",4.9,"",2.7,"",3.5,"",.0,"8",.7,"","W",0,"9"
"254180010","ROZEWIE","2001","03","16",8.6,"",1.0,"",3.0,"",.0,"8",3.5,"","W",0,"9"
"254180010","ROZEWIE","2001","03","17",5.0,"",.8,"",2.5,"",.0,"8",.3,"","S",0,"9"
"254180010","ROZEWIE","2001","03","18",2.4,"",-.4,"",.4,"",.0,"8",1.4,"","S",0,""
"254180010","ROZEWIE","2001","03","19",.9,"",-1.2,"",-.3,"",.0,"8",11.1,"","S",0,""
"254180010","ROZEWIE","2001","03","20",.9,"",-1.4,"",-.6,"",.0,"8",4.2,"","S",8,""
"254180010","ROZEWIE","2001","03","21",2.4,"",-2.9,"",-.8,"",.0,"8",.0,"9","",4,""
"254180010","ROZEWIE","2001","03","22",2.0,"",-5.0,"",-2.2,"",.0,"8",.0,"9","",4,""
"254180010","ROZEWIE","2001","03","23",3.9,"",-1.3,"",.5,"",.0,"8",.0,"9","",2,""
"254180010","ROZEWIE","2001","03","24",2.8,"",-.7,"",.5,"",.0,"8",.0,"9","",1,""
"254180010","ROZEWIE","2001","03","25",2.2,"",-1.8,"",-.2,"",.0,"8",.0,"9","",0,"9"
"254180010","ROZEWIE","2001","03","26",2.0,"",-1.5,"",-.3,"",.0,"8",.0,"9","",0,"9"
"254180010","ROZEWIE","2001","03","27",1.9,"",-2.0,"",-.7,"",.0,"8",.0,"9","",0,"9"
"254180010","ROZEWIE","2001","03","28",5.0,"",-2.8,"",.6,"",.0,"8",.0,"9","",0,"9"
"254180010","ROZEWIE","2001","03","29",6.9,"",-.6,"",2.7,"",.0,"8",.0,"9","",0,"9"
"254180010","ROZEWIE","2001","03","30",5.9,"",1.2,"",3.5,"",.0,"8",2.5,"","W",0,"9"
"254180010","ROZEWIE","2001","03","31",10.4,"",1.9,"",4.8,"",.0,"8",.0,"9","",0,"9"
"254180060","GDYNIA","2001","03","01",1.1,"",-3.5,"",-1.2,"",.0,"8",.1,"","S",6,""
"254180060","GDYNIA","2001","03","02",4.4,"",-2.7,"",.5,"",.0,"8",.0,"9","",7,""
"254180060","GDYNIA","2001","03","03",2.6,"",-1.7,"",-.1,"",.0,"8",.0,"9","",5,""
"254180060","GDYNIA","2001","03","04",1.1,"",-2.4,"",.2,"",.0,"8",.2,"","S",4,""
"254180060","GDYNIA","2001","03","05",2.4,"",.0,"",1.1,"",.0,"8",.1,"","S",3,""
"254180060","GDYNIA","2001","03","06",5.5,"",-3.0,"",1.0,"",.0,"8",.0,"9","",3,""
"254180060","GDYNIA","2001","03","07",4.7,"",-1.9,"",.9,"",.0,"8",.0,"9","",2,""
"254180060","GDYNIA","2001","03","08",4.0,"",-1.2,"",1.2,"",.0,"8",.0,"9","",2,""
"254180060","GDYNIA","2001","03","09",3.3,"",.9,"",2.1,"",.0,"8",3.4,"","W",0,"9"
"254180060","GDYNIA","2001","03","10",10.0,"",1.9,"",6.0,"",.0,"8",.8,"","W",0,"9"
"254180060","GDYNIA","2001","03","11",12.5,"",3.5,"",6.9,"",.0,"8",.0,"9","",0,"9"
"254180060","GDYNIA","2001","03","12",12.9,"",4.1,"",8.8,"",.0,"8",6.4,"","W",0,"9"
"254180060","GDYNIA","2001","03","13",10.5,"",3.1,"",5.5,"",.0,"8",.1,"","W",0,"9"
"254180060","GDYNIA","2001","03","14",6.6,"",2.9,"",4.5,"",.0,"8",2.4,"","W",0,"9"
"254180060","GDYNIA","2001","03","15",7.0,"",2.7,"",5.1,"",.0,"8",.1,"","W",0,"9"
"254180060","GDYNIA","2001","03","16",8.4,"",2.7,"",4.5,"",.0,"8",1.6,"","S",0,"9"
"254180060","GDYNIA","2001","03","17",3.2,"",1.1,"",2.1,"",.0,"8",.1,"","S",0,"9"
"254180060","GDYNIA","2001","03","18",2.6,"",-.5,"",1.1,"",.0,"8",.2,"","S",0,"9"
"254180060","GDYNIA","2001","03","19",.9,"",-1.4,"",-.4,"",.0,"8",7.5,"","S",0,""
"254180060","GDYNIA","2001","03","20",1.0,"",-2.3,"",-1.1,"",.0,"8",2.3,"","S",15,""
"254180060","GDYNIA","2001","03","21",1.4,"",-3.2,"",-1.0,"",.0,"8",.0,"9","",20,""
"254180060","GDYNIA","2001","03","22",.5,"",-6.0,"",-2.2,"",.0,"8",.0,"9","",12,""
"254180060","GDYNIA","2001","03","23",1.3,"",-.1,"",.6,"",.0,"8",.0,"9","",10,""
"254180060","GDYNIA","2001","03","24",1.6,"",-.9,"",.5,"",.0,"8",.0,"9","",5,""
"254180060","GDYNIA","2001","03","25",1.5,"",-1.5,"",.0,"",.0,"8",.0,"9","",4,""
"254180060","GDYNIA","2001","03","26",1.5,"",-1.5,"",-.4,"",.0,"8",.0,"9","",3,""
"254180060","GDYNIA","2001","03","27",.6,"",-1.9,"",-.5,"",.0,"8",.0,"9","",0,"9"
"254180060","GDYNIA","2001","03","28",4.0,"",-4.4,"",-.2,"",.0,"8",.0,"9","",0,"9"
"254180060","GDYNIA","2001","03","29",5.8,"",-1.5,"",2.3,"",.0,"8",.0,"9","",0,"9"
"254180060","GDYNIA","2001","03","30",6.5,"",.9,"",3.4,"",.0,"8",.0,"","W",0,"9"
"254180060","GDYNIA","2001","03","31",8.6,"",3.7,"",5.6,"",.0,"8",.1,"","W",0,"9"
"254180090","GDAÑSK-RÊBIECHOWO","2001","03","01",-.6,"",-4.0,"",-2.3,"",-5.6,"",.3,"","S",17,""
"254180090","GDAÑSK-RÊBIECHOWO","2001","03","02",4.1,"",-10.9,"",-4.5,"",-11.0,"",.3,"","S",16,""
"254180090","GDAÑSK-RÊBIECHOWO","2001","03","03",3.5,"",-7.0,"",-2.9,"",-8.2,"",.0,"","S",12,""
"254180090","GDAÑSK-RÊBIECHOWO","2001","03","04",.8,"",-6.2,"",-2.6,"",-9.2,"",.8,"","S",12,""
"254180090","GDAÑSK-RÊBIECHOWO","2001","03","05",2.2,"",-3.4,"",-1.3,"",-4.4,"",.8,"","S",20,""
"254180090","GDAÑSK-RÊBIECHOWO","2001","03","06",2.8,"",-7.6,"",-3.1,"",-12.2,"",.0,"9","",18,""
"254180090","GDAÑSK-RÊBIECHOWO","2001","03","07",4.9,"",-4.0,"",-1.2,"",-9.8,"",.0,"9","",15,""
"254180090","GDAÑSK-RÊBIECHOWO","2001","03","08",4.4,"",-3.8,"",.0,"",-7.6,"",.0,"9","",15,""
"254180090","GDAÑSK-RÊBIECHOWO","2001","03","09",3.2,"",.1,"",1.3,"",.4,"",2.2,"","W",9,""
"254180090","GDAÑSK-RÊBIECHOWO","2001","03","10",7.0,"",1.7,"",4.9,"",3.9,"",1.1,"","W",8,""
"254180090","GDAÑSK-RÊBIECHOWO","2001","03","11",10.8,"",5.3,"",7.6,"",5.8,"",.0,"9","",0,"9"
"254180090","GDAÑSK-RÊBIECHOWO","2001","03","12",11.5,"",7.8,"",9.0,"",6.9,"",7.1,"","W",0,"9"
"254180090","GDAÑSK-RÊBIECHOWO","2001","03","13",9.0,"",3.9,"",5.3,"",3.1,"",.8,"","W",0,"9"
"254180090","GDAÑSK-RÊBIECHOWO","2001","03","14",5.8,"",2.4,"",3.4,"",3.4,"",1.5,"","W",0,"9"
"254180090","GDAÑSK-RÊBIECHOWO","2001","03","15",5.2,"",1.6,"",3.2,"",3.4,"",.5,"","W",0,"9"
"254180090","GDAÑSK-RÊBIECHOWO","2001","03","16",7.6,"",1.2,"",3.1,"",2.2,"",2.5,"","W",0,"9"
"254180090","GDAÑSK-RÊBIECHOWO","2001","03","17",1.9,"",-.5,"",.7,"",-.1,"",.3,"","S",0,"9"
"254180090","GDAÑSK-RÊBIECHOWO","2001","03","18",1.0,"",-.9,"",-.1,"",-1.6,"",1.0,"","S",0,"9"
"254180090","GDAÑSK-RÊBIECHOWO","2001","03","19",-.2,"",-2.6,"",-1.3,"",-2.5,"",16.8,"","S",1,""
"254180090","GDAÑSK-RÊBIECHOWO","2001","03","20",-.2,"",-2.7,"",-1.9,"",-3.1,"",3.4,"","S",23,""
"254180090","GDAÑSK-RÊBIECHOWO","2001","03","21",.7,"",-9.9,"",-5.1,"",-12.8,"",.0,"9","",27,""
"254180090","GDAÑSK-RÊBIECHOWO","2001","03","22",.2,"",-16.3,"",-8.4,"",-19.0,"",.0,"9","",17,""
"254180090","GDAÑSK-RÊBIECHOWO","2001","03","23",1.0,"",-4.5,"",-2.1,"",-8.9,"",.1,"","S",16,""
"254180090","GDAÑSK-RÊBIECHOWO","2001","03","24",.7,"",-5.8,"",-2.5,"",-7.4,"",.0,"9","",14,""
"254180090","GDAÑSK-RÊBIECHOWO","2001","03","25",-.3,"",-3.8,"",-2.0,"",-5.5,"",.0,"9","",13,""
"254180090","GDAÑSK-RÊBIECHOWO","2001","03","26",-.6,"",-3.6,"",-2.2,"",-5.1,"",.0,"9","",12,""
"254180090","GDAÑSK-RÊBIECHOWO","2001","03","27",-.5,"",-10.7,"",-5.6,"",-13.5,"",.0,"9","",10,""
"254180090","GDAÑSK-RÊBIECHOWO","2001","03","28",3.7,"",-12.8,"",-4.6,"",-14.5,"",.0,"9","",8,""
"254180090","GDAÑSK-RÊBIECHOWO","2001","03","29",5.3,"",-5.8,"",-.5,"",-7.1,"",.0,"9","",6,""
"254180090","GDAÑSK-RÊBIECHOWO","2001","03","30",5.4,"",-1.2,"",2.2,"",-2.1,"",2.0,"","W",4,""
"254180090","GDAÑSK-RÊBIECHOWO","2001","03","31",9.5,"",2.4,"",5.0,"",1.4,"",.1,"","W",0,"9"
"254180110","GDAÑSK-ŒWIBNO","2001","03","01",.6,"",-6.0,"",-2.2,"",-9.7,"",.3,"","S",7,""
"254180110","GDAÑSK-ŒWIBNO","2001","03","02",1.5,"",-8.4,"",-3.3,"",-10.7,"",.0,"","S",8,""
"254180110","GDAÑSK-ŒWIBNO","2001","03","03",4.4,"",-3.9,"",-.6,"",-8.5,"",.0,"","S",7,""
"254180110","GDAÑSK-ŒWIBNO","2001","03","04",.8,"",-4.5,"",-.9,"",-7.3,"",1.4,"","S",7,""
"254180110","GDAÑSK-ŒWIBNO","2001","03","05",2.6,"",-.2,"",.9,"",-3.0,"",.2,"","S",8,""
"254180110","GDAÑSK-ŒWIBNO","2001","03","06",4.0,"",-9.9,"",-4.2,"",-13.0,"",.0,"9","",5,""
"254180110","GDAÑSK-ŒWIBNO","2001","03","07",3.8,"",-7.5,"",-2.6,"",-12.4,"",.0,"9","",3,""
"254180110","GDAÑSK-ŒWIBNO","2001","03","08",5.4,"",-2.6,"",1.4,"",-5.2,"",.0,"9","",0,"9"
"254180110","GDAÑSK-ŒWIBNO","2001","03","09",4.0,"",-1.0,"",1.5,"",-2.4,"",1.8,"","W",0,"9"
"254180110","GDAÑSK-ŒWIBNO","2001","03","10",8.3,"",1.6,"",4.5,"",.4,"",2.1,"","W",0,"9"
"254180110","GDAÑSK-ŒWIBNO","2001","03","11",11.8,"",3.5,"",7.3,"",1.0,"",.0,"9","",0,"9"
"254180110","GDAÑSK-ŒWIBNO","2001","03","12",13.6,"",5.3,"",8.9,"",2.7,"",9.3,"","W",0,"9"
"254180110","GDAÑSK-ŒWIBNO","2001","03","13",9.9,"",3.7,"",5.5,"",2.6,"",2.3,"","W",0,"9"
"254180110","GDAÑSK-ŒWIBNO","2001","03","14",8.4,"",3.6,"",5.1,"",1.7,"",.3,"","W",0,"9"
"254180110","GDAÑSK-ŒWIBNO","2001","03","15",5.8,"",2.6,"",3.9,"",-.4,"",.4,"","W",0,"9"
"254180110","GDAÑSK-ŒWIBNO","2001","03","16",10.0,"",1.4,"",3.9,"",-1.5,"",2.6,"","W",0,"9"
"254180110","GDAÑSK-ŒWIBNO","2001","03","17",4.0,"",-1.6,"",1.5,"",-4.5,"",.0,"","W",0,"9"
"254180110","GDAÑSK-ŒWIBNO","2001","03","18",2.8,"",.5,"",1.3,"",-1.0,"",.0,"","S",0,"9"
"254180110","GDAÑSK-ŒWIBNO","2001","03","19",.9,"",-1.4,"",-.3,"",-2.0,"",11.2,"","S",0,""
"254180110","GDAÑSK-ŒWIBNO","2001","03","20",.8,"",-1.2,"",-.6,"",-2.4,"",3.3,"","S",13,""
"254180110","GDAÑSK-ŒWIBNO","2001","03","21",2.0,"",-5.0,"",-2.4,"",-8.7,"",.0,"9","",10,""
"254180110","GDAÑSK-ŒWIBNO","2001","03","22",1.3,"",-10.8,"",-4.7,"",-11.7,"",.0,"9","",8,""
"254180110","GDAÑSK-ŒWIBNO","2001","03","23",1.9,"",-3.1,"",-1.0,"",-7.2,"",.3,"","S",7,""
"254180110","GDAÑSK-ŒWIBNO","2001","03","24",2.6,"",-3.8,"",-1.4,"",-6.4,"",.0,"9","",6,""
"254180110","GDAÑSK-ŒWIBNO","2001","03","25",1.7,"",-2.5,"",-.5,"",-4.2,"",.0,"9","",4,""
"254180110","GDAÑSK-ŒWIBNO","2001","03","26",1.2,"",-2.1,"",-.6,"",-4.0,"",.0,"9","",3,""
"254180110","GDAÑSK-ŒWIBNO","2001","03","27",1.2,"",-4.2,"",-1.5,"",-6.3,"",.0,"9","",0,"9"
"254180110","GDAÑSK-ŒWIBNO","2001","03","28",5.5,"",-5.1,"",-.5,"",-9.2,"",.0,"9","",0,"9"
"254180110","GDAÑSK-ŒWIBNO","2001","03","29",6.8,"",-2.6,"",1.6,"",-5.8,"",.0,"9","",0,"9"
"254180110","GDAÑSK-ŒWIBNO","2001","03","30",8.2,"",.2,"",4.0,"",-1.5,"",2.3,"","W",0,"9"
"254180110","GDAÑSK-ŒWIBNO","2001","03","31",12.5,"",4.1,"",6.5,"",2.0,"",.3,"","W",0,"9"
"254180170","LISEWO","2001","03","01",.5,"",-3.7,"",-1.7,"",-15.6,"",.0,"9","",15,""
"254180170","LISEWO","2001","03","02",2.6,"",-7.7,"",-2.8,"",-12.3,"",.4,"","S",15,""
"254180170","LISEWO","2001","03","03",1.8,"",-7.0,"",-3.5,"",-10.9,"",.0,"9","",14,""
"254180170","LISEWO","2001","03","04",.5,"",-6.1,"",-2.9,"",-9.4,"",4.2,"","S",14,""
"254180170","LISEWO","2001","03","05",2.0,"",-1.8,"",-.1,"",-6.0,"",.0,"9","",21,""
"254180170","LISEWO","2001","03","06",4.2,"",-12.2,"",-4.8,"",-14.5,"",.0,"9","",13,""
"254180170","LISEWO","2001","03","07",6.0,"",-8.7,"",-2.9,"",-13.9,"",.0,"9","",12,""
"254180170","LISEWO","2001","03","08",6.5,"",-6.8,"",-.2,"",-9.9,"",.0,"9","",11,""
"254180170","LISEWO","2001","03","09",4.8,"",-3.8,"",.5,"",-6.5,"",1.6,"","W",4,""
"254180170","LISEWO","2001","03","10",6.0,"",1.2,"",3.4,"",.1,"",1.4,"","W",0,"9"
"254180170","LISEWO","2001","03","11",11.5,"",2.0,"",6.4,"",.5,"",.3,"","W",0,"9"
"254180170","LISEWO","2001","03","12",13.5,"",6.7,"",9.4,"",5.1,"",12.1,"","W",0,"9"
"254180170","LISEWO","2001","03","13",10.4,"",4.0,"",6.2,"",3.1,"",3.1,"","W",0,"9"
"254180170","LISEWO","2001","03","14",8.6,"",3.2,"",4.7,"",1.1,"",.2,"","W",0,"9"
"254180170","LISEWO","2001","03","15",6.5,"",2.7,"",4.1,"",-1.4,"",.0,"9","",0,"9"
"254180170","LISEWO","2001","03","16",9.2,"",2.5,"",4.8,"",-1.7,"",3.8,"","W",0,"9"
"254180170","LISEWO","2001","03","17",4.4,"",-1.0,"",1.3,"",-4.1,"",.0,"9","",0,"9"
"254180170","LISEWO","2001","03","18",2.9,"",-1.0,"",.7,"",-2.6,"",.3,"","S",0,"9"
"254180170","LISEWO","2001","03","19",.6,"",-1.8,"",-.4,"",-2.9,"",18.0,"","S",0,"9"
"254180170","LISEWO","2001","03","20",.6,"",-2.0,"",-1.0,"",-2.2,"",4.9,"","S",0,"9"
"254180170","LISEWO","2001","03","21",2.6,"",-5.0,"",-2.4,"",-10.0,"",.0,"9","",15,""
"254180170","LISEWO","2001","03","22",.1,"",-14.3,"",-8.0,"",-17.6,"",.0,"9","",14,""
"254180170","LISEWO","2001","03","23",1.5,"",-9.8,"",-4.0,"",-11.1,"",.0,"9","",11,""
"254180170","LISEWO","2001","03","24",1.2,"",-9.8,"",-4.4,"",-13.8,"",.0,"9","",10,""
"254180170","LISEWO","2001","03","25",.3,"",-8.2,"",-3.8,"",-10.9,"",.0,"9","",9,""
"254180170","LISEWO","2001","03","26",.3,"",-6.2,"",-3.3,"",-7.4,"",.0,"9","",7,""
"254180170","LISEWO","2001","03","27",.5,"",-9.2,"",-5.2,"",-11.9,"",.0,"9","",6,""
"254180170","LISEWO","2001","03","28",4.5,"",-7.5,"",-2.1,"",-12.3,"",.0,"9","",0,"9"
"254180170","LISEWO","2001","03","29",6.6,"",-6.5,"",.6,"",-9.8,"",.0,"9","",0,"9"
"254180170","LISEWO","2001","03","30",7.7,"",-.4,"",3.5,"",.0,"",1.8,"","W",0,"9"
"254180170","LISEWO","2001","03","31",11.6,"",3.5,"",6.9,"",3.2,"",.8,"","W",0,"9"
"254190050","FROMBORK","2001","03","01",1.0,"",-3.9,"",-1.0,"",.0,"8",.0,"9","",11,""
"254190050","FROMBORK","2001","03","02",5.1,"",-3.3,"",.5,"",.0,"8",.0,"9","",10,""
"254190050","FROMBORK","2001","03","03",3.7,"",-1.0,"",.9,"",.0,"8",.0,"9","",4,""
"254190050","FROMBORK","2001","03","04",1.5,"",-4.4,"",-1.3,"",.0,"8",1.3,"","S",3,""
"254190050","FROMBORK","2001","03","05",2.5,"",-1.0,"",.5,"",.0,"8",.0,"9","",6,""
"254190050","FROMBORK","2001","03","06",4.2,"",-4.5,"",.0,"",.0,"8",.0,"9","",4,""
"254190050","FROMBORK","2001","03","07",3.6,"",-.9,"",1.0,"",.0,"8",.0,"9","",3,""
"254190050","FROMBORK","2001","03","08",8.8,"",-3.6,"",2.6,"",.0,"8",.0,"9","",3,""
"254190050","FROMBORK","2001","03","09",5.6,"",1.5,"",3.3,"",.0,"8",.2,"","W",2,""
"254190050","FROMBORK","2001","03","10",10.9,"",2.9,"",6.9,"",.0,"8",.1,"","W",0,"9"
"254190050","FROMBORK","2001","03","11",12.9,"",6.3,"",9.4,"",.0,"8",.0,"9","",0,"9"
"254190050","FROMBORK","2001","03","12",14.9,"",7.9,"",11.0,"",.0,"8",20.1,"","W",0,"9"
"254190050","FROMBORK","2001","03","13",12.2,"",3.7,"",6.2,"",.0,"8",1.4,"","W",0,"9"
"254190050","FROMBORK","2001","03","14",8.4,"",3.7,"",5.8,"",.0,"8",.3,"","W",0,"9"
"254190050","FROMBORK","2001","03","15",5.5,"",3.4,"",4.3,"",.0,"8",.8,"","W",0,"9"
"254190050","FROMBORK","2001","03","16",7.9,"",3.5,"",5.3,"",.0,"8",5.4,"","W",0,"9"
"254190050","FROMBORK","2001","03","17",5.9,"",1.5,"",3.4,"",.0,"8",.1,"","W",0,"9"
"254190050","FROMBORK","2001","03","18",3.5,"",-1.0,"",.6,"",.0,"8",.0,"9","",0,"9"
"254190050","FROMBORK","2001","03","19",2.4,"",-2.5,"",-.3,"",.0,"8",14.3,"","S",0,"9"
"254190050","FROMBORK","2001","03","20",.5,"",-1.0,"",-.3,"",.0,"8",2.5,"","S",8,""
"254190050","FROMBORK","2001","03","21",2.0,"",-2.2,"",-.6,"",.0,"8",.0,"9","",7,""
"254190050","FROMBORK","2001","03","22",3.0,"",-5.2,"",-2.1,"",.0,"8",.0,"9","",6,""
"254190050","FROMBORK","2001","03","23",2.5,"",-5.3,"",-1.7,"",.0,"8",.0,"9","",6,""
"254190050","FROMBORK","2001","03","24",3.5,"",-3.0,"",-.4,"",.0,"8",.0,"9","",0,"9"
"254190050","FROMBORK","2001","03","25",2.5,"",-4.3,"",-1.6,"",.0,"8",.0,"9","",0,"9"
"254190050","FROMBORK","2001","03","26",1.0,"",-6.7,"",-2.6,"",.0,"8",.0,"9","",0,"9"
"254190050","FROMBORK","2001","03","27",2.6,"",-6.5,"",-1.9,"",.0,"8",.0,"9","",0,"9"
"254190050","FROMBORK","2001","03","28",6.3,"",-7.2,"",-.9,"",.0,"8",.0,"9","",0,"9"
"254190050","FROMBORK","2001","03","29",8.9,"",-3.0,"",2.8,"",.0,"8",.0,"9","",0,"9"
"254190050","FROMBORK","2001","03","30",10.4,"",.4,"",5.3,"",.0,"8",.0,"9","",0,"9"
"254190050","FROMBORK","2001","03","31",10.0,"",3.7,"",6.6,"",.0,"8",.3,"","W",0,"9"
"254190120","KMIECIN","2001","03","01",.2,"",-5.6,"",-2.1,"",.0,"8",.0,"9","",12,""
"254190120","KMIECIN","2001","03","02",2.0,"",-8.0,"",-3.4,"",.0,"8",.0,"9","",12,""
"254190120","KMIECIN","2001","03","03",2.0,"",-7.0,"",-2.9,"",.0,"8",.0,"9","",10,""
"254190120","KMIECIN","2001","03","04",1.3,"",-7.5,"",-2.8,"",.0,"8",6.4,"","S",0,"9"
"254190120","KMIECIN","2001","03","05",2.3,"",-2.0,"",-.2,"",.0,"8",.0,"9","",10,""
"254190120","KMIECIN","2001","03","06",1.3,"",-11.2,"",-6.2,"",.0,"8",.0,"9","",7,""
"254190120","KMIECIN","2001","03","07",3.5,"",-9.3,"",-4.1,"",.0,"8",.0,"9","",0,"9"
"254190120","KMIECIN","2001","03","08",5.3,"",-3.5,"",1.2,"",.0,"8",.0,"9","",0,"9"
"254190120","KMIECIN","2001","03","09",3.9,"",.1,"",1.8,"",.0,"8",1.4,"","W",0,"9"
"254190120","KMIECIN","2001","03","10",6.5,"",1.0,"",3.3,"",.0,"8",.8,"","W",0,"9"
"254190120","KMIECIN","2001","03","11",12.1,"",3.0,"",7.0,"",.0,"8",.0,"9","",0,"9"
"254190120","KMIECIN","2001","03","12",13.8,"",5.0,"",8.9,"",.0,"8",14.4,"","W",0,"9"
"254190120","KMIECIN","2001","03","13",10.2,"",3.9,"",5.9,"",.0,"8",3.5,"","W",0,"9"
"254190120","KMIECIN","2001","03","14",8.2,"",4.1,"",5.3,"",.0,"8",.0,"9","",0,"9"
"254190120","KMIECIN","2001","03","15",5.5,"",2.5,"",3.8,"",.0,"8",.0,"9","",0,"9"
"254190120","KMIECIN","2001","03","16",8.5,"",2.7,"",4.3,"",.0,"8",2.6,"","W",0,"9"
"254190120","KMIECIN","2001","03","17",4.3,"",-1.1,"",1.5,"",.0,"8",.3,"","S",0,"9"
"254190120","KMIECIN","2001","03","18",3.0,"",-.4,"",.8,"",.0,"8",.6,"","S",0,"9"
"254190120","KMIECIN","2001","03","19",.3,"",-1.7,"",-.5,"",.0,"8",16.2,"","S",0,"9"
"254190120","KMIECIN","2001","03","20",.4,"",-1.6,"",-.9,"",.0,"8",1.6,"","S",12,""
"254190120","KMIECIN","2001","03","21",1.0,"",-5.3,"",-3.5,"",.0,"8",.0,"9","",18,""
"254190120","KMIECIN","2001","03","22",2.1,"",-11.0,"",-5.2,"",.0,"8",.0,"9","",12,""
"254190120","KMIECIN","2001","03","23",1.7,"",-5.2,"",-2.3,"",.0,"8",.0,"9","",10,""
"254190120","KMIECIN","2001","03","24",3.2,"",-6.1,"",-1.5,"",.0,"8",.0,"9","",0,"9"
"254190120","KMIECIN","2001","03","25",2.0,"",-5.2,"",-1.7,"",.0,"8",.0,"9","",0,"9"
"254190120","KMIECIN","2001","03","26",.5,"",-5.1,"",-2.3,"",.0,"8",.0,"9","",0,"9"
"254190120","KMIECIN","2001","03","27",1.9,"",-6.0,"",-2.5,"",.0,"8",.0,"9","",0,"9"
"254190120","KMIECIN","2001","03","28",5.8,"",-5.0,"",-.3,"",.0,"8",.0,"9","",0,"9"
"254190120","KMIECIN","2001","03","29",6.9,"",-2.5,"",1.8,"",.0,"8",.0,"9","",0,"9"
"254190120","KMIECIN","2001","03","30",8.3,"",.2,"",3.9,"",.0,"8",.6,"","W",0,"9"
"254190120","KMIECIN","2001","03","31",10.6,"",4.0,"",6.4,"",.0,"8",.8,"","W",0,"9"
"254200080","LIDZBARK WARMIÑSKI","2001","03","01",2.0,"",-4.3,"",-1.1,"",-6.8,"",.0,"9","",2,""
"254200080","LIDZBARK WARMIÑSKI","2001","03","02",6.0,"",-1.9,"",1.0,"",-6.2,"",.1,"","S",0,"9"
"254200080","LIDZBARK WARMIÑSKI","2001","03","03",4.7,"",-.5,"",.9,"",-5.2,"",.0,"","S",0,""
"254200080","LIDZBARK WARMIÑSKI","2001","03","04",1.1,"",-3.8,"",-1.6,"",-8.2,"",4.2,"","S",0,"9"
"254200080","LIDZBARK WARMIÑSKI","2001","03","05",1.5,"",-5.5,"",-2.4,"",-14.3,"",.0,"","S",8,""
"254200080","LIDZBARK WARMIÑSKI","2001","03","06",3.2,"",-10.9,"",-4.3,"",-21.0,"",.0,"9","",6,""
"254200080","LIDZBARK WARMIÑSKI","2001","03","07",4.5,"",-7.0,"",-2.0,"",-13.8,"",.0,"9","",4,""
"254200080","LIDZBARK WARMIÑSKI","2001","03","08",8.0,"",-4.3,"",1.5,"",-7.7,"",.0,"9","",2,""
"254200080","LIDZBARK WARMIÑSKI","2001","03","09",5.1,"",.9,"",2.7,"",-1.8,"",.0,"9","",0,"9"
"254200080","LIDZBARK WARMIÑSKI","2001","03","10",12.4,"",3.5,"",7.2,"",-1.4,"",.1,"","W",0,"9"
"254200080","LIDZBARK WARMIÑSKI","2001","03","11",12.0,"",6.0,"",8.5,"",2.8,"",1.5,"","W",0,"9"
"254200080","LIDZBARK WARMIÑSKI","2001","03","12",15.3,"",8.1,"",10.8,"",6.7,"",8.5,"","W",0,"9"
"254200080","LIDZBARK WARMIÑSKI","2001","03","13",11.4,"",4.0,"",6.2,"",2.8,"",8.8,"","W",0,"9"
"254200080","LIDZBARK WARMIÑSKI","2001","03","14",8.4,"",4.5,"",5.6,"",-.2,"",.5,"","W",0,"9"
"254200080","LIDZBARK WARMIÑSKI","2001","03","15",5.0,"",2.9,"",3.5,"",-1.4,"",2.1,"","W",0,"9"
"254200080","LIDZBARK WARMIÑSKI","2001","03","16",7.9,"",.3,"",2.6,"",-1.7,"",5.5,"","S",0,"9"
"254200080","LIDZBARK WARMIÑSKI","2001","03","17",2.8,"",-.6,"",1.0,"",-3.0,"",.2,"","S",4,""
"254200080","LIDZBARK WARMIÑSKI","2001","03","18",2.2,"",-.5,"",.4,"",-1.7,"",.2,"","S",3,""
"254200080","LIDZBARK WARMIÑSKI","2001","03","19",2.3,"",-2.7,"",-.6,"",-4.7,"",12.9,"","S",0,"9"
"254200080","LIDZBARK WARMIÑSKI","2001","03","20",.0,"",-2.8,"",-2.0,"",-3.2,"",.4,"","S",11,""
"254200080","LIDZBARK WARMIÑSKI","2001","03","21",.0,"",-5.4,"",-3.3,"",-12.2,"",.4,"","S",12,""
"254200080","LIDZBARK WARMIÑSKI","2001","03","22",2.0,"",-12.6,"",-5.2,"",-19.4,"",.0,"9","",10,""
"254200080","LIDZBARK WARMIÑSKI","2001","03","23",2.2,"",-8.9,"",-3.8,"",-16.9,"",.0,"9","",8,""
"254200080","LIDZBARK WARMIÑSKI","2001","03","24",1.9,"",-10.7,"",-4.5,"",-16.4,"",.0,"9","",4,""
"254200080","LIDZBARK WARMIÑSKI","2001","03","25",.1,"",-6.4,"",-3.2,"",-9.8,"",.0,"9","",3,""
"254200080","LIDZBARK WARMIÑSKI","2001","03","26",.4,"",-6.3,"",-3.6,"",-8.7,"",.0,"9","",3,""
"254200080","LIDZBARK WARMIÑSKI","2001","03","27",1.0,"",-10.8,"",-5.4,"",-15.3,"",.0,"9","",0,"9"
"254200080","LIDZBARK WARMIÑSKI","2001","03","28",3.7,"",-10.2,"",-3.4,"",-14.4,"",.0,"9","",0,"9"
"254200080","LIDZBARK WARMIÑSKI","2001","03","29",7.0,"",-2.7,"",1.7,"",-7.7,"",.0,"9","",0,"9"
"254200080","LIDZBARK WARMIÑSKI","2001","03","30",9.4,"",-.6,"",4.0,"",-3.2,"",.4,"","W",0,"9"
"254200080","LIDZBARK WARMIÑSKI","2001","03","31",7.1,"",2.1,"",4.0,"",.8,"",4.0,"","W",0,"9"
"254220030","GO£DAP","2001","03","01",.1,"",-8.3,"",-3.9,"",-14.5,"",3.8,"","S",11,""
"254220030","GO£DAP","2001","03","02",3.9,"",-1.5,"",.6,"",-6.5,"",.2,"","S",16,""
"254220030","GO£DAP","2001","03","03",3.2,"",-2.3,"",-.5,"",-7.9,"",.0,"9","",12,""
"254220030","GO£DAP","2001","03","04",.6,"",-6.0,"",-2.9,"",-12.7,"",7.3,"","S",11,""
"254220030","GO£DAP","2001","03","05",1.7,"",-5.6,"",-2.7,"",-12.9,"",.0,"9","",23,""
"254220030","GO£DAP","2001","03","06",2.5,"",-12.9,"",-4.2,"",-24.0,"",.0,"9","",18,""
"254220030","GO£DAP","2001","03","07",2.7,"",-5.3,"",-2.0,"",-16.5,"",.0,"9","",17,""
"254220030","GO£DAP","2001","03","08",4.7,"",-5.5,"",-.5,"",-13.1,"",.0,"9","",15,""
"254220030","GO£DAP","2001","03","09",4.1,"",-1.7,"",1.0,"",-6.0,"",.0,"9","",13,""
"254220030","GO£DAP","2001","03","10",7.9,"",2.7,"",5.5,"",-.6,"",2.6,"","W",11,""
"254220030","GO£DAP","2001","03","11",11.7,"",4.1,"",7.2,"",.4,"",1.3,"","W",3,""
"254220030","GO£DAP","2001","03","12",11.8,"",5.7,"",8.6,"",3.1,"",3.6,"","W",0,"9"
"254220030","GO£DAP","2001","03","13",10.7,"",3.5,"",6.2,"",2.3,"",7.4,"","W",0,"9"
"254220030","GO£DAP","2001","03","14",9.9,"",2.7,"",5.2,"",.7,"",6.7,"","S",0,"9"
"254220030","GO£DAP","2001","03","15",5.7,"",1.0,"",2.6,"",-1.0,"",.1,"","W",0,""
"254220030","GO£DAP","2001","03","16",6.6,"",2.2,"",3.6,"",.0,"",1.1,"","S",0,"9"
"254220030","GO£DAP","2001","03","17",3.7,"",-.8,"",1.0,"",-4.5,"",.0,"9","",1,""
"254220030","GO£DAP","2001","03","18",1.1,"",-.9,"",-.4,"",-2.5,"",.0,"9","",0,"9"
"254220030","GO£DAP","2001","03","19",2.0,"",-1.6,"",-.4,"",-3.0,"",13.4,"","S",0,"9"
"254220030","GO£DAP","2001","03","20",-.4,"",-3.7,"",-2.1,"",-4.0,"",6.9,"","S",14,""
"254220030","GO£DAP","2001","03","21",-.4,"",-8.4,"",-5.2,"",-17.0,"",.2,"","S",19,""
"254220030","GO£DAP","2001","03","22",1.2,"",-14.5,"",-7.0,"",-23.0,"",.0,"9","",16,""
"254220030","GO£DAP","2001","03","23",.2,"",-12.9,"",-7.1,"",-20.5,"",.0,"9","",13,""
"254220030","GO£DAP","2001","03","24",2.7,"",-14.7,"",-5.9,"",-19.9,"",.0,"9","",12,""
"254220030","GO£DAP","2001","03","25",-.2,"",-7.8,"",-4.0,"",-11.5,"",.0,"9","",9,""
"254220030","GO£DAP","2001","03","26",-.8,"",-8.9,"",-4.8,"",-12.5,"",.0,"9","",8,""
"254220030","GO£DAP","2001","03","27",1.1,"",-13.4,"",-6.5,"",-17.6,"",.0,"9","",7,""
"254220030","GO£DAP","2001","03","28",4.3,"",-12.9,"",-4.6,"",-16.6,"",.0,"9","",7,""
"254220030","GO£DAP","2001","03","29",5.7,"",-5.9,"",.3,"",-11.3,"",.0,"9","",5,""
"254220030","GO£DAP","2001","03","30",7.2,"",-2.5,"",2.1,"",-5.5,"",.0,"9","",3,""
"254220030","GO£DAP","2001","03","31",8.4,"",.7,"",3.8,"",-2.4,"",.0,"9","",0,"9"
"254220090","OLECKO","2001","03","01",.7,"",-9.3,"",-4.4,"",-10.8,"",4.3,"","S",10,""
"254220090","OLECKO","2001","03","02",2.6,"",-1.2,"",.6,"",-2.4,"",.0,"9","",15,""
"254220090","OLECKO","2001","03","03",2.2,"",-2.8,"",-.7,"",-4.1,"",.0,"9","",12,""
"254220090","OLECKO","2001","03","04",.4,"",-5.0,"",-2.1,"",-6.8,"",3.7,"","S",10,""
"254220090","OLECKO","2001","03","05",-.4,"",-5.0,"",-2.9,"",-9.3,"",.4,"","S",13,""
"254220090","OLECKO","2001","03","06",2.0,"",-10.0,"",-5.0,"",-16.0,"",.0,"9","",12,""
"254220090","OLECKO","2001","03","07",2.8,"",-7.0,"",-3.3,"",-10.8,"",.0,"9","",12,""
"254220090","OLECKO","2001","03","08",5.2,"",-9.8,"",-1.7,"",-10.3,"",.0,"9","",10,""
"254220090","OLECKO","2001","03","09",3.5,"",-2.2,"",.7,"",-2.6,"",.0,"9","",5,""
"254220090","OLECKO","2001","03","10",8.1,"",1.6,"",4.6,"",1.2,"",2.0,"","W",3,""
"254220090","OLECKO","2001","03","11",9.9,"",2.0,"",5.3,"",1.7,"",.0,"9","",0,"9"
"254220090","OLECKO","2001","03","12",12.4,"",3.1,"",7.5,"",2.2,"",3.5,"","W",0,"9"
"254220090","OLECKO","2001","03","13",10.4,"",2.6,"",5.3,"",2.2,"",2.4,"","W",0,"9"
"254220090","OLECKO","2001","03","14",9.4,"",1.6,"",4.1,"",1.4,"",6.9,"","W",0,"9"
"254220090","OLECKO","2001","03","15",5.6,"",.7,"",2.4,"",.2,"",.3,"","W",0,"9"
"254220090","OLECKO","2001","03","16",5.9,"",.2,"",2.4,"",-1.0,"",1.0,"","W",0,"9"
"254220090","OLECKO","2001","03","17",2.6,"",-3.5,"",-.5,"",-6.8,"",.0,"9","",0,"9"
"254220090","OLECKO","2001","03","18",1.0,"",-1.3,"",-.5,"",-1.8,"",.0,"9","",0,"9"
"254220090","OLECKO","2001","03","19",2.2,"",-2.0,"",-.6,"",-2.2,"",11.0,"","S",0,"9"
"254220090","OLECKO","2001","03","20",.3,"",-3.9,"",-1.8,"",-4.0,"",3.3,"","S",13,""
"254220090","OLECKO","2001","03","21",-1.6,"",-8.5,"",-5.8,"",-13.4,"",.0,"9","",15,""
"254220090","OLECKO","2001","03","22",2.2,"",-11.4,"",-5.8,"",-16.5,"",.0,"9","",15,""
"254220090","OLECKO","2001","03","23",-1.0,"",-9.5,"",-6.0,"",-11.8,"",.0,"9","",12,""
"254220090","OLECKO","2001","03","24",.9,"",-13.0,"",-7.1,"",-14.9,"",.0,"9","",11,""
"254220090","OLECKO","2001","03","25",-1.0,"",-7.7,"",-4.2,"",-7.8,"",.0,"9","",10,""
"254220090","OLECKO","2001","03","26",-1.6,"",-7.7,"",-5.3,"",-7.7,"",.0,"9","",10,""
"254220090","OLECKO","2001","03","27",-.4,"",-10.0,"",-5.3,"",-11.8,"",.0,"9","",9,""
"254220090","OLECKO","2001","03","28",2.5,"",-11.4,"",-3.9,"",-12.9,"",.0,"9","",5,""
"254220090","OLECKO","2001","03","29",6.7,"",-5.1,"",-.1,"",-7.4,"",.0,"9","",3,""
"254220090","OLECKO","2001","03","30",8.6,"",-3.1,"",2.1,"",-3.8,"",.0,"9","",2,""
"254220090","OLECKO","2001","03","31",9.3,"",-1.2,"",4.0,"",-1.5,"",.0,"9","",0,"9"
"349220695","PRZEMYŒL","2001","03","01",1.9,"",-4.1,"",-.9,"",-6.2,"",.0,"9","",8,""
"349220695","PRZEMYŒL","2001","03","02",6.1,"",.2,"",2.4,"",-1.6,"",.0,"9","",7,""
"349220695","PRZEMYŒL","2001","03","03",1.9,"",-.7,"",.7,"",-3.0,"",1.0,"","S",4,""
"349220695","PRZEMYŒL","2001","03","04",12.2,"",.7,"",6.1,"",.0,"",2.0,"","W",0,"9"
"349220695","PRZEMYŒL","2001","03","05",9.9,"",-.2,"",3.7,"",-.5,"",9.1,"","S",0,"9"
"349220695","PRZEMYŒL","2001","03","06",4.5,"",-2.6,"",.3,"",-4.0,"",.0,"9","",0,""
"349220695","PRZEMYŒL","2001","03","07",10.9,"",-5.3,"",2.0,"",-6.3,"",.0,"9","",0,"9"
"349220695","PRZEMYŒL","2001","03","08",12.3,"",.3,"",5.4,"",-2.1,"",.0,"9","",0,"9"
"349220695","PRZEMYŒL","2001","03","09",12.3,"",3.3,"",8.5,"",.3,"",.1,"","W",0,"9"
"349220695","PRZEMYŒL","2001","03","10",15.1,"",7.3,"",10.2,"",3.9,"",.5,"","W",0,"9"
"349220695","PRZEMYŒL","2001","03","11",15.4,"",4.5,"",9.6,"",3.3,"",.1,"","W",0,"9"
"349220695","PRZEMYŒL","2001","03","12",17.4,"",5.8,"",11.2,"",3.9,"",.0,"9","",0,"9"
"349220695","PRZEMYŒL","2001","03","13",17.5,"",9.7,"",12.1,"",5.4,"",6.5,"","W",0,"9"
"349220695","PRZEMYŒL","2001","03","14",10.9,"",4.5,"",6.7,"",3.4,"",.5,"","W",0,"9"
"349220695","PRZEMYŒL","2001","03","15",9.7,"",1.2,"",5.3,"",-.7,"",8.5,"","W",0,"9"
"349220695","PRZEMYŒL","2001","03","16",8.9,"",.6,"",4.6,"",.4,"",.0,"9","",0,"9"
"349220695","PRZEMYŒL","2001","03","17",11.7,"",6.2,"",8.5,"",5.5,"",20.9,"","W",0,"9"
"349220695","PRZEMYŒL","2001","03","18",7.3,"",1.0,"",3.4,"",.8,"",5.2,"","W",0,"9"
"349220695","PRZEMYŒL","2001","03","19",11.4,"",-.4,"",5.2,"",-1.8,"",6.2,"","W",0,"9"
"349220695","PRZEMYŒL","2001","03","20",8.8,"",-.8,"",2.5,"",-2.0,"",.1,"","S",0,"9"
"349220695","PRZEMYŒL","2001","03","21",.9,"",-4.2,"",-1.8,"",-6.1,"",.0,"9","",0,"9"
"349220695","PRZEMYŒL","2001","03","22",3.5,"",-4.3,"",-.5,"",-6.1,"",.0,"9","",0,"9"
"349220695","PRZEMYŒL","2001","03","23",2.1,"",-2.3,"",.2,"",-4.7,"",2.4,"","S",0,"9"
"349220695","PRZEMYŒL","2001","03","24",4.4,"",-.8,"",1.9,"",-.9,"",1.6,"","S",2,""
"349220695","PRZEMYŒL","2001","03","25",5.9,"",1.6,"",3.6,"",.2,"",28.2,"","S",0,"9"
"349220695","PRZEMYŒL","2001","03","26",3.4,"",-2.1,"",-.2,"",-2.3,"",6.0,"","S",3,""
"349220695","PRZEMYŒL","2001","03","27",-1.4,"",-3.6,"",-2.6,"",-3.8,"",.0,"","W",6,""
"349220695","PRZEMYŒL","2001","03","28",-2.2,"",-4.1,"",-3.4,"",-7.1,"",.6,"","S",6,""
"349220695","PRZEMYŒL","2001","03","29",2.2,"",-5.1,"",-1.2,"",-8.7,"",.4,"","W",7,""
"349220695","PRZEMYŒL","2001","03","30",6.4,"",-1.2,"",2.0,"",-1.8,"",.0,"9","",0,"9"
"349220695","PRZEMYŒL","2001","03","31",10.9,"",1.0,"",5.1,"",.4,"",.0,"9","",0,"9"
