"249180010","PSZCZYNA","2020","06","01",13.4,"",.0,"8",.0,"8",4.3,""
"249180010","PSZCZYNA","2020","06","02",13.2,"",.0,"8",.0,"8",5.7,""
"249180010","PSZCZYNA","2020","06","03",14.5,"",.0,"8",.0,"8",3.3,""
"249180010","PSZCZYNA","2020","06","04",15.0,"",.0,"8",.0,"8",4.0,""
"249180010","PSZCZYNA","2020","06","05",16.5,"",.0,"8",.0,"8",7.7,""
"249180010","PSZCZYNA","2020","06","06",17.5,"",.0,"8",.0,"8",2.7,""
"249180010","PSZCZYNA","2020","06","07",19.5,"",.0,"8",.0,"8",6.0,""
"249180010","PSZCZYNA","2020","06","08",15.2,"",.0,"8",.0,"8",8.0,""
"249180010","PSZCZYNA","2020","06","09",13.6,"",.0,"8",.0,"8",8.0,""
"249180010","PSZCZYNA","2020","06","10",16.0,"",.0,"8",.0,"8",6.3,""
"249180010","PSZCZYNA","2020","06","11",17.5,"",.0,"8",.0,"8",6.0,""
"249180010","PSZCZYNA","2020","06","12",18.8,"",.0,"8",.0,"8",1.3,""
"249180010","PSZCZYNA","2020","06","13",21.9,"",.0,"8",.0,"8",1.7,""
"249180010","PSZCZYNA","2020","06","14",20.3,"",.0,"8",.0,"8",6.0,""
"249180010","PSZCZYNA","2020","06","15",17.1,"",.0,"8",.0,"8",5.0,""
"249180010","PSZCZYNA","2020","06","16",16.5,"",.0,"8",.0,"8",8.0,""
"249180010","PSZCZYNA","2020","06","17",18.0,"",.0,"8",.0,"8",6.3,""
"249180010","PSZCZYNA","2020","06","18",18.9,"",.0,"8",.0,"8",7.0,""
"249180010","PSZCZYNA","2020","06","19",17.4,"",.0,"8",.0,"8",8.0,""
"249180010","PSZCZYNA","2020","06","20",17.1,"",.0,"8",.0,"8",8.0,""
"249180010","PSZCZYNA","2020","06","21",15.8,"",.0,"8",.0,"8",8.0,""
"249180010","PSZCZYNA","2020","06","22",16.4,"",.0,"8",.0,"8",8.0,""
"249180010","PSZCZYNA","2020","06","23",17.9,"",.0,"8",.0,"8",2.7,""
"249180010","PSZCZYNA","2020","06","24",15.5,"",.0,"8",.0,"8",7.0,""
"249180010","PSZCZYNA","2020","06","25",19.3,"",.0,"8",.0,"8",3.7,""
"249180010","PSZCZYNA","2020","06","26",21.1,"",.0,"8",.0,"8",5.0,""
"249180010","PSZCZYNA","2020","06","27",22.3,"",.0,"8",.0,"8",3.3,""
"249180010","PSZCZYNA","2020","06","28",23.5,"",.0,"8",.0,"8",4.0,""
"249180010","PSZCZYNA","2020","06","29",20.0,"",.0,"8",.0,"8",7.3,""
"249180010","PSZCZYNA","2020","06","30",20.5,"",.0,"8",.0,"8",2.0,""
"249180160","BRENNA","2020","06","01",13.1,"",.0,"8",.0,"8",4.3,""
"249180160","BRENNA","2020","06","02",12.7,"",.0,"8",.0,"8",5.7,""
"249180160","BRENNA","2020","06","03",12.8,"",.0,"8",.0,"8",5.7,""
"249180160","BRENNA","2020","06","04",16.5,"",.0,"8",.0,"8",5.0,""
"249180160","BRENNA","2020","06","05",17.0,"",.0,"8",.0,"8",6.7,""
"249180160","BRENNA","2020","06","06",18.2,"",.0,"8",.0,"8",2.3,""
"249180160","BRENNA","2020","06","07",19.0,"",.0,"8",.0,"8",7.0,""
"249180160","BRENNA","2020","06","08",15.4,"",.0,"8",.0,"8",8.0,""
"249180160","BRENNA","2020","06","09",14.0,"",.0,"8",.0,"8",8.0,""
"249180160","BRENNA","2020","06","10",16.4,"",.0,"8",.0,"8",7.3,""
"249180160","BRENNA","2020","06","11",16.8,"",.0,"8",.0,"8",6.0,""
"249180160","BRENNA","2020","06","12",19.6,"",.0,"8",.0,"8",5.7,""
"249180160","BRENNA","2020","06","13",23.5,"",.0,"8",.0,"8",3.3,""
"249180160","BRENNA","2020","06","14",20.6,"",.0,"8",.0,"8",5.3,""
"249180160","BRENNA","2020","06","15",18.0,"",.0,"8",.0,"8",3.3,""
"249180160","BRENNA","2020","06","16",16.5,"",.0,"8",.0,"8",7.0,""
"249180160","BRENNA","2020","06","17",17.6,"",.0,"8",.0,"8",7.7,""
"249180160","BRENNA","2020","06","18",18.1,"",.0,"8",.0,"8",7.3,""
"249180160","BRENNA","2020","06","19",16.9,"",.0,"8",.0,"8",8.0,""
"249180160","BRENNA","2020","06","20",15.8,"",.0,"8",.0,"8",8.0,""
"249180160","BRENNA","2020","06","21",14.8,"",.0,"8",.0,"8",8.0,""
"249180160","BRENNA","2020","06","22",16.0,"",.0,"8",.0,"8",7.3,""
"249180160","BRENNA","2020","06","23",16.4,"",.0,"8",.0,"8",5.3,""
"249180160","BRENNA","2020","06","24",14.8,"",.0,"8",.0,"8",7.0,""
"249180160","BRENNA","2020","06","25",18.0,"",.0,"8",.0,"8",4.3,""
"249180160","BRENNA","2020","06","26",20.4,"",.0,"8",.0,"8",5.7,""
"249180160","BRENNA","2020","06","27",21.7,"",.0,"8",.0,"8",3.0,""
"249180160","BRENNA","2020","06","28",21.7,"",.0,"8",.0,"8",3.3,""
"249180160","BRENNA","2020","06","29",20.4,"",.0,"8",.0,"8",6.0,""
"249180160","BRENNA","2020","06","30",19.0,"",.0,"8",.0,"8",3.3,""
"249190480","LALIKI","2020","06","01",11.5,"",.0,"8",.0,"8",5.3,""
"249190480","LALIKI","2020","06","02",9.8,"",.0,"8",.0,"8",6.7,""
"249190480","LALIKI","2020","06","03",11.2,"",.0,"8",.0,"8",5.0,""
"249190480","LALIKI","2020","06","04",14.4,"",.0,"8",.0,"8",6.7,""
"249190480","LALIKI","2020","06","05",13.4,"",.0,"8",.0,"8",7.7,""
"249190480","LALIKI","2020","06","06",16.0,"",.0,"8",.0,"8",1.7,""
"249190480","LALIKI","2020","06","07",16.7,"",.0,"8",.0,"8",6.7,""
"249190480","LALIKI","2020","06","08",12.3,"",.0,"8",.0,"8",8.0,""
"249190480","LALIKI","2020","06","09",11.3,"",.0,"8",.0,"8",8.0,""
"249190480","LALIKI","2020","06","10",12.9,"",.0,"8",.0,"8",8.0,""
"249190480","LALIKI","2020","06","11",15.2,"",.0,"8",.0,"8",7.0,""
"249190480","LALIKI","2020","06","12",17.4,"",.0,"8",.0,"8",5.7,""
"249190480","LALIKI","2020","06","13",20.2,"",.0,"8",.0,"8",6.0,""
"249190480","LALIKI","2020","06","14",16.9,"",.0,"8",.0,"8",7.7,""
"249190480","LALIKI","2020","06","15",14.7,"",.0,"8",.0,"8",2.3,""
"249190480","LALIKI","2020","06","16",13.2,"",.0,"8",.0,"8",7.0,""
"249190480","LALIKI","2020","06","17",14.8,"",.0,"8",.0,"8",7.3,""
"249190480","LALIKI","2020","06","18",15.6,"",.0,"8",.0,"8",7.7,""
"249190480","LALIKI","2020","06","19",14.6,"",.0,"8",.0,"8",8.0,""
"249190480","LALIKI","2020","06","20",14.0,"",.0,"8",.0,"8",8.0,""
"249190480","LALIKI","2020","06","21",13.5,"",.0,"8",.0,"8",8.0,""
"249190480","LALIKI","2020","06","22",14.2,"",.0,"8",.0,"8",8.0,""
"249190480","LALIKI","2020","06","23",15.3,"",.0,"8",.0,"8",4.7,""
"249190480","LALIKI","2020","06","24",13.0,"",.0,"8",.0,"8",7.3,""
"249190480","LALIKI","2020","06","25",16.3,"",.0,"8",.0,"8",3.7,""
"249190480","LALIKI","2020","06","26",19.7,"",.0,"8",.0,"8",7.0,""
"249190480","LALIKI","2020","06","27",19.2,"",.0,"8",.0,"8",5.7,""
"249190480","LALIKI","2020","06","28",21.0,"",.0,"8",.0,"8",3.3,""
"249190480","LALIKI","2020","06","29",18.3,"",.0,"8",.0,"8",6.0,""
"249190480","LALIKI","2020","06","30",16.5,"",.0,"8",.0,"8",3.3,""
"249190560","JAB£ONKA","2020","06","01",12.3,"",.0,"8",2.3,"",4.0,""
"249190560","JAB£ONKA","2020","06","02",9.0,"",.0,"8",1.3,"",4.7,""
"249190560","JAB£ONKA","2020","06","03",10.9,"",.0,"8",1.7,"",2.7,""
"249190560","JAB£ONKA","2020","06","04",12.6,"",.0,"8",.7,"",4.7,""
"249190560","JAB£ONKA","2020","06","05",14.6,"",.0,"8",2.0,"",7.7,""
"249190560","JAB£ONKA","2020","06","06",16.5,"",.0,"8",1.0,"",3.3,""
"249190560","JAB£ONKA","2020","06","07",17.6,"",.0,"8",.7,"",6.3,""
"249190560","JAB£ONKA","2020","06","08",15.3,"",.0,"8",2.0,"",7.7,""
"249190560","JAB£ONKA","2020","06","09",13.9,"",.0,"8",2.3,"",6.7,""
"249190560","JAB£ONKA","2020","06","10",14.9,"",.0,"8",1.3,"",7.0,""
"249190560","JAB£ONKA","2020","06","11",15.8,"",.0,"8",.7,"",7.0,""
"249190560","JAB£ONKA","2020","06","12",18.1,"",.0,"8",1.3,"",5.3,""
"249190560","JAB£ONKA","2020","06","13",20.1,"",.0,"8",.7,"",3.3,""
"249190560","JAB£ONKA","2020","06","14",16.9,"",.0,"8",2.0,"",6.7,""
"249190560","JAB£ONKA","2020","06","15",15.5,"",.0,"8",1.7,"",6.0,""
"249190560","JAB£ONKA","2020","06","16",13.5,"",.0,"8",1.0,"",8.0,""
"249190560","JAB£ONKA","2020","06","17",16.9,"",.0,"8",1.7,"",7.3,""
"249190560","JAB£ONKA","2020","06","18",17.3,"",.0,"8",.3,"",7.3,""
"249190560","JAB£ONKA","2020","06","19",15.9,"",.0,"8",1.0,"",7.7,""
"249190560","JAB£ONKA","2020","06","20",16.1,"",.0,"8",.7,"",8.0,""
"249190560","JAB£ONKA","2020","06","21",15.7,"",.0,"8",.7,"",8.0,""
"249190560","JAB£ONKA","2020","06","22",15.6,"",.0,"8",2.0,"",8.0,""
"249190560","JAB£ONKA","2020","06","23",15.7,"",.0,"8",1.7,"",4.0,""
"249190560","JAB£ONKA","2020","06","24",14.1,"",.0,"8",1.7,"",5.7,""
"249190560","JAB£ONKA","2020","06","25",16.6,"",.0,"8",1.3,"",5.7,""
"249190560","JAB£ONKA","2020","06","26",17.9,"",.0,"8",1.0,"",6.0,""
"249190560","JAB£ONKA","2020","06","27",19.9,"",.0,"8",.3,"",4.0,""
"249190560","JAB£ONKA","2020","06","28",19.8,"",.0,"8",1.0,"",4.3,""
"249190560","JAB£ONKA","2020","06","29",17.5,"",.0,"8",.3,"",5.7,""
"249190560","JAB£ONKA","2020","06","30",17.9,"",.0,"8",1.3,"",2.3,""
"249190670","POLANA CHOCHO£OWSKA","2020","06","01",7.9,"",.0,"8",1.0,"",6.0,""
"249190670","POLANA CHOCHO£OWSKA","2020","06","02",5.7,"",.0,"8",.3,"",7.3,""
"249190670","POLANA CHOCHO£OWSKA","2020","06","03",6.3,"",.0,"8",.7,"",4.3,""
"249190670","POLANA CHOCHO£OWSKA","2020","06","04",10.7,"",.0,"8",1.0,"",6.3,""
"249190670","POLANA CHOCHO£OWSKA","2020","06","05",11.2,"",.0,"8",1.7,"",8.0,""
"249190670","POLANA CHOCHO£OWSKA","2020","06","06",13.2,"",.0,"8",.7,"",.3,""
"249190670","POLANA CHOCHO£OWSKA","2020","06","07",16.0,"",.0,"8",1.3,"",5.0,""
"249190670","POLANA CHOCHO£OWSKA","2020","06","08",12.5,"",.0,"8",.3,"",7.0,""
"249190670","POLANA CHOCHO£OWSKA","2020","06","09",11.4,"",.0,"8",.3,"",8.0,""
"249190670","POLANA CHOCHO£OWSKA","2020","06","10",11.5,"",.0,"8",.3,"",6.7,""
"249190670","POLANA CHOCHO£OWSKA","2020","06","11",12.4,"",.0,"8",.3,"",4.7,""
"249190670","POLANA CHOCHO£OWSKA","2020","06","12",13.6,"",.0,"8",.0,"",5.0,""
"249190670","POLANA CHOCHO£OWSKA","2020","06","13",17.3,"",.0,"8",1.0,"",2.3,""
"249190670","POLANA CHOCHO£OWSKA","2020","06","14",15.1,"",.0,"8",1.7,"",6.0,""
"249190670","POLANA CHOCHO£OWSKA","2020","06","15",11.4,"",.0,"8",1.3,"",8.0,""
"249190670","POLANA CHOCHO£OWSKA","2020","06","16",11.0,"",.0,"8",.7,"",8.0,""
"249190670","POLANA CHOCHO£OWSKA","2020","06","17",12.7,"",.0,"8",.7,"",8.0,""
"249190670","POLANA CHOCHO£OWSKA","2020","06","18",13.0,"",.0,"8",.0,"",6.0,""
"249190670","POLANA CHOCHO£OWSKA","2020","06","19",12.3,"",.0,"8",.0,"",8.0,""
"249190670","POLANA CHOCHO£OWSKA","2020","06","20",12.2,"",.0,"8",.0,"",8.0,""
"249190670","POLANA CHOCHO£OWSKA","2020","06","21",12.3,"",.0,"8",1.0,"",8.0,""
"249190670","POLANA CHOCHO£OWSKA","2020","06","22",12.0,"",.0,"8",1.3,"",8.0,""
"249190670","POLANA CHOCHO£OWSKA","2020","06","23",10.0,"",.0,"8",.7,"",6.7,""
"249190670","POLANA CHOCHO£OWSKA","2020","06","24",11.6,"",.0,"8",1.3,"",7.3,""
"249190670","POLANA CHOCHO£OWSKA","2020","06","25",14.5,"",.0,"8",.7,"",3.7,""
"249190670","POLANA CHOCHO£OWSKA","2020","06","26",16.2,"",.0,"8",1.7,"",6.0,""
"249190670","POLANA CHOCHO£OWSKA","2020","06","27",16.5,"",.0,"8",1.0,"",5.3,""
"249190670","POLANA CHOCHO£OWSKA","2020","06","28",17.4,"",.0,"8",.7,"",3.3,""
"249190670","POLANA CHOCHO£OWSKA","2020","06","29",16.5,"",.0,"8",.7,"",5.7,""
"249190670","POLANA CHOCHO£OWSKA","2020","06","30",13.6,"",.0,"8",1.0,"",1.3,""
"249190890","RADZIECHOWY","2020","06","01",13.6,"",69.3,"",2.7,"",3.7,""
"249190890","RADZIECHOWY","2020","06","02",10.7,"",72.3,"",2.3,"",6.3,""
"249190890","RADZIECHOWY","2020","06","03",13.0,"",73.3,"",1.7,"",3.3,""
"249190890","RADZIECHOWY","2020","06","04",14.7,"",71.8,"",1.3,"",3.7,""
"249190890","RADZIECHOWY","2020","06","05",15.9,"",70.5,"",3.0,"",7.3,""
"249190890","RADZIECHOWY","2020","06","06",17.5,"",56.8,"",2.3,"",2.0,""
"249190890","RADZIECHOWY","2020","06","07",18.9,"",75.0,"",1.0,"",6.0,""
"249190890","RADZIECHOWY","2020","06","08",14.6,"",92.5,"",2.0,"",8.0,""
"249190890","RADZIECHOWY","2020","06","09",13.4,"",90.0,"",2.3,"",8.0,""
"249190890","RADZIECHOWY","2020","06","10",15.8,"",85.8,"",1.3,"",8.0,""
"249190890","RADZIECHOWY","2020","06","11",16.3,"",88.8,"",1.3,"",6.0,""
"249190890","RADZIECHOWY","2020","06","12",19.1,"",82.0,"",1.7,"",4.3,""
"249190890","RADZIECHOWY","2020","06","13",21.1,"",73.5,"",1.3,"",2.0,""
"249190890","RADZIECHOWY","2020","06","14",17.9,"",86.5,"",1.7,"",7.3,""
"249190890","RADZIECHOWY","2020","06","15",16.5,"",75.8,"",1.7,"",2.3,""
"249190890","RADZIECHOWY","2020","06","16",14.1,"",88.0,"",1.0,"",8.0,""
"249190890","RADZIECHOWY","2020","06","17",17.4,"",94.3,"",1.3,"",7.7,""
"249190890","RADZIECHOWY","2020","06","18",18.6,"",82.5,"",1.0,"",8.0,""
"249190890","RADZIECHOWY","2020","06","19",17.0,"",92.5,"",.7,"",8.0,""
"249190890","RADZIECHOWY","2020","06","20",16.3,"",92.8,"",2.0,"",8.0,""
"249190890","RADZIECHOWY","2020","06","21",15.8,"",92.0,"",2.0,"",8.0,""
"249190890","RADZIECHOWY","2020","06","22",16.2,"",94.3,"",3.3,"",8.0,""
"249190890","RADZIECHOWY","2020","06","23",16.8,"",70.8,"",4.3,"",5.0,""
"249190890","RADZIECHOWY","2020","06","24",14.4,"",89.5,"",2.3,"",4.0,""
"249190890","RADZIECHOWY","2020","06","25",17.8,"",81.5,"",1.3,"",6.7,""
"249190890","RADZIECHOWY","2020","06","26",19.7,"",73.0,"",2.0,"",4.3,""
"249190890","RADZIECHOWY","2020","06","27",21.5,"",73.5,"",2.3,"",4.0,""
"249190890","RADZIECHOWY","2020","06","28",21.6,"",80.0,"",1.3,"",3.0,""
"249190890","RADZIECHOWY","2020","06","29",18.7,"",80.0,"",2.0,"",5.7,""
"249190890","RADZIECHOWY","2020","06","30",19.0,"",64.3,"",2.7,"",2.7,""
"249200020","£AZY","2020","06","01",14.1,"",.0,"8",3.0,"",5.3,""
"249200020","£AZY","2020","06","02",12.3,"",.0,"8",2.3,"",4.7,""
"249200020","£AZY","2020","06","03",11.9,"",.0,"8",1.0,"",5.0,""
"249200020","£AZY","2020","06","04",14.7,"",.0,"8",1.7,"",5.7,""
"249200020","£AZY","2020","06","05",16.9,"",.0,"8",1.7,"",7.3,""
"249200020","£AZY","2020","06","06",19.6,"",.0,"8",2.3,"",2.7,""
"249200020","£AZY","2020","06","07",19.1,"",.0,"8",1.3,"",7.0,""
"249200020","£AZY","2020","06","08",16.8,"",.0,"8",3.3,"",7.7,""
"249200020","£AZY","2020","06","09",14.3,"",.0,"8",1.3,"",8.0,""
"249200020","£AZY","2020","06","10",16.1,"",.0,"8",.3,"",8.0,""
"249200020","£AZY","2020","06","11",17.0,"",.0,"8",1.3,"",6.0,""
"249200020","£AZY","2020","06","12",21.0,"",.0,"8",1.3,"",4.3,""
"249200020","£AZY","2020","06","13",23.5,"",.0,"8",2.7,"",4.0,""
"249200020","£AZY","2020","06","14",19.4,"",.0,"8",2.0,"",8.0,""
"249200020","£AZY","2020","06","15",17.1,"",.0,"8",1.0,"",8.0,""
"249200020","£AZY","2020","06","16",16.0,"",.0,"8",1.7,"",8.0,""
"249200020","£AZY","2020","06","17",18.5,"",.0,"8",1.3,"",6.7,""
"249200020","£AZY","2020","06","18",18.9,"",.0,"8",.7,"",7.0,""
"249200020","£AZY","2020","06","19",17.8,"",.0,"8",2.3,"",8.0,""
"249200020","£AZY","2020","06","20",18.6,"",.0,"8",2.0,"",7.3,""
"249200020","£AZY","2020","06","21",17.9,"",.0,"8",3.3,"",7.0,""
"249200020","£AZY","2020","06","22",17.7,"",.0,"8",4.3,"",8.0,""
"249200020","£AZY","2020","06","23",18.0,"",.0,"8",4.0,"",5.3,""
"249200020","£AZY","2020","06","24",16.5,"",.0,"8",2.3,"",7.3,""
"249200020","£AZY","2020","06","25",18.3,"",.0,"8",1.3,"",4.7,""
"249200020","£AZY","2020","06","26",20.2,"",.0,"8",4.0,"",7.3,""
"249200020","£AZY","2020","06","27",21.3,"",.0,"8",.3,"",5.3,""
"249200020","£AZY","2020","06","28",24.0,"",.0,"8",2.7,"",3.0,""
"249200020","£AZY","2020","06","29",20.8,"",.0,"8",2.3,"",6.0,""
"249200020","£AZY","2020","06","30",20.2,"",.0,"8",3.0,"",2.3,""
"249200180","LIMANOWA","2020","06","01",12.9,"",71.8,"",4.7,"",5.3,""
"249200180","LIMANOWA","2020","06","02",10.5,"",79.3,"",3.3,"",6.3,""
"249200180","LIMANOWA","2020","06","03",12.4,"",68.5,"",2.7,"",4.7,""
"249200180","LIMANOWA","2020","06","04",14.3,"",70.8,"",3.0,"",6.3,""
"249200180","LIMANOWA","2020","06","05",16.4,"",69.8,"",4.3,"",6.7,""
"249200180","LIMANOWA","2020","06","06",17.9,"",53.0,"",3.3,"",2.3,""
"249200180","LIMANOWA","2020","06","07",19.5,"",66.0,"",3.7,"",6.7,""
"249200180","LIMANOWA","2020","06","08",14.7,"",91.3,"",3.7,"",7.7,""
"249200180","LIMANOWA","2020","06","09",12.8,"",94.3,"",2.0,"",8.0,""
"249200180","LIMANOWA","2020","06","10",14.7,"",94.5,"",1.3,"",8.0,""
"249200180","LIMANOWA","2020","06","11",17.2,"",81.8,"",1.3,"",6.7,""
"249200180","LIMANOWA","2020","06","12",19.5,"",85.3,"",1.7,"",5.7,""
"249200180","LIMANOWA","2020","06","13",21.4,"",68.3,"",1.7,"",3.3,""
"249200180","LIMANOWA","2020","06","14",17.7,"",92.8,"",2.7,"",8.0,""
"249200180","LIMANOWA","2020","06","15",15.1,"",84.5,"",1.0,"",8.0,""
"249200180","LIMANOWA","2020","06","16",14.2,"",97.8,"",2.0,"",8.0,""
"249200180","LIMANOWA","2020","06","17",16.9,"",93.0,"",2.3,"",7.7,""
"249200180","LIMANOWA","2020","06","18",17.3,"",92.0,"",1.3,"",7.3,""
"249200180","LIMANOWA","2020","06","19",16.9,"",88.8,"",2.0,"",7.3,""
"249200180","LIMANOWA","2020","06","20",17.0,"",89.3,"",2.3,"",7.7,""
"249200180","LIMANOWA","2020","06","21",16.7,"",94.0,"",3.3,"",8.0,""
"249200180","LIMANOWA","2020","06","22",15.6,"",99.8,"",5.3,"",8.0,""
"249200180","LIMANOWA","2020","06","23",15.8,"",72.8,"",5.0,"",5.7,""
"249200180","LIMANOWA","2020","06","24",15.6,"",81.8,"",3.0,"",6.3,""
"249200180","LIMANOWA","2020","06","25",18.3,"",83.0,"",3.0,"",7.0,""
"249200180","LIMANOWA","2020","06","26",19.1,"",84.5,"",4.0,"",7.0,""
"249200180","LIMANOWA","2020","06","27",22.4,"",62.3,"",1.7,"",4.0,""
"249200180","LIMANOWA","2020","06","28",21.9,"",68.0,"",2.3,"",4.0,""
"249200180","LIMANOWA","2020","06","29",20.1,"",77.0,"",2.3,"",5.3,""
"249200180","LIMANOWA","2020","06","30",19.1,"",62.0,"",4.3,"",2.7,""
"249200240","PTASZKOWA","2020","06","01",12.9,"",.0,"8",2.7,"",5.7,""
"249200240","PTASZKOWA","2020","06","02",10.6,"",.0,"8",2.7,"",5.0,""
"249200240","PTASZKOWA","2020","06","03",11.2,"",.0,"8",2.7,"",6.3,""
"249200240","PTASZKOWA","2020","06","04",14.1,"",.0,"8",2.7,"",6.0,""
"249200240","PTASZKOWA","2020","06","05",17.0,"",.0,"8",3.3,"",6.7,""
"249200240","PTASZKOWA","2020","06","06",18.0,"",.0,"8",2.0,"",3.0,""
"249200240","PTASZKOWA","2020","06","07",19.7,"",.0,"8",2.3,"",7.0,""
"249200240","PTASZKOWA","2020","06","08",16.4,"",.0,"8",1.0,"",7.3,""
"249200240","PTASZKOWA","2020","06","09",13.4,"",.0,"8",.0,"",8.0,""
"249200240","PTASZKOWA","2020","06","10",15.2,"",.0,"8",1.0,"",8.0,""
"249200240","PTASZKOWA","2020","06","11",16.9,"",.0,"8",1.3,"",6.3,""
"249200240","PTASZKOWA","2020","06","12",19.6,"",.0,"8",1.3,"",6.0,""
"249200240","PTASZKOWA","2020","06","13",22.2,"",.0,"8",1.7,"",4.7,""
"249200240","PTASZKOWA","2020","06","14",17.8,"",.0,"8",1.7,"",8.0,""
"249200240","PTASZKOWA","2020","06","15",14.8,"",.0,"8",1.7,"",8.0,""
"249200240","PTASZKOWA","2020","06","16",14.1,"",.0,"8",2.0,"",8.0,""
"249200240","PTASZKOWA","2020","06","17",16.9,"",.0,"8",2.0,"",7.3,""
"249200240","PTASZKOWA","2020","06","18",17.5,"",.0,"8",.7,"",8.0,""
"249200240","PTASZKOWA","2020","06","19",17.2,"",.0,"8",2.0,"",7.0,""
"249200240","PTASZKOWA","2020","06","20",17.0,"",.0,"8",1.3,"",8.0,""
"249200240","PTASZKOWA","2020","06","21",17.1,"",.0,"8",2.7,"",8.0,""
"249200240","PTASZKOWA","2020","06","22",16.5,"",.0,"8",3.0,"",8.0,""
"249200240","PTASZKOWA","2020","06","23",16.0,"",.0,"8",3.7,"",5.3,""
"249200240","PTASZKOWA","2020","06","24",15.7,"",.0,"8",4.0,"",7.3,""
"249200240","PTASZKOWA","2020","06","25",18.0,"",.0,"8",4.0,"",7.3,""
"249200240","PTASZKOWA","2020","06","26",19.9,"",.0,"8",4.0,"",7.0,""
"249200240","PTASZKOWA","2020","06","27",23.1,"",.0,"8",4.0,"",8.0,""
"249200240","PTASZKOWA","2020","06","28",21.5,"",.0,"8",4.0,"",4.7,""
"249200240","PTASZKOWA","2020","06","29",20.3,"",.0,"8",3.0,"",4.0,""
"249200240","PTASZKOWA","2020","06","30",19.4,"",.0,"8",3.3,"",3.7,""
"249200260","£¥CKO","2020","06","01",14.0,"",.0,"8",2.3,"",3.7,""
"249200260","£¥CKO","2020","06","02",11.0,"",.0,"8",1.3,"",5.0,""
"249200260","£¥CKO","2020","06","03",12.3,"",.0,"8",2.0,"",2.7,""
"249200260","£¥CKO","2020","06","04",13.8,"",.0,"8",2.0,"",5.3,""
"249200260","£¥CKO","2020","06","05",17.1,"",.0,"8",2.7,"",6.7,""
"249200260","£¥CKO","2020","06","06",18.4,"",.0,"8",1.0,"",.0,""
"249200260","£¥CKO","2020","06","07",19.6,"",.0,"8",3.0,"",6.0,""
"249200260","£¥CKO","2020","06","08",16.8,"",.0,"8",.7,"",7.0,""
"249200260","£¥CKO","2020","06","09",14.6,"",.0,"8",.3,"",7.3,""
"249200260","£¥CKO","2020","06","10",15.7,"",.0,"8",.7,"",7.0,""
"249200260","£¥CKO","2020","06","11",17.1,"",.0,"8",1.0,"",4.7,""
"249200260","£¥CKO","2020","06","12",19.7,"",.0,"8",.7,"",4.7,""
"249200260","£¥CKO","2020","06","13",21.8,"",.0,"8",2.0,"",3.3,""
"249200260","£¥CKO","2020","06","14",18.6,"",.0,"8",2.0,"",8.0,""
"249200260","£¥CKO","2020","06","15",16.1,"",.0,"8",1.0,"",7.3,""
"249200260","£¥CKO","2020","06","16",15.2,"",.0,"8",.3,"",7.3,""
"249200260","£¥CKO","2020","06","17",17.6,"",.0,"8",.3,"",7.3,""
"249200260","£¥CKO","2020","06","18",18.6,"",.0,"8",1.0,"",3.7,""
"249200260","£¥CKO","2020","06","19",17.2,"",.0,"8",.7,"",6.0,""
"249200260","£¥CKO","2020","06","20",17.6,"",.0,"8",.7,"",7.7,""
"249200260","£¥CKO","2020","06","21",17.7,"",.0,"8",.7,"",8.0,""
"249200260","£¥CKO","2020","06","22",17.6,"",.0,"8",1.3,"",8.0,""
"249200260","£¥CKO","2020","06","23",17.5,"",.0,"8",2.7,"",5.3,""
"249200260","£¥CKO","2020","06","24",16.9,"",.0,"8",1.7,"",6.3,""
"249200260","£¥CKO","2020","06","25",19.2,"",.0,"8",2.0,"",5.7,""
"249200260","£¥CKO","2020","06","26",18.6,"",.0,"8",.7,"",6.0,""
"249200260","£¥CKO","2020","06","27",23.4,"",.0,"8",1.7,"",2.7,""
"249200260","£¥CKO","2020","06","28",21.5,"",.0,"8",1.0,"",6.3,""
"249200260","£¥CKO","2020","06","29",20.1,"",.0,"8",1.3,"",3.3,""
"249200260","£¥CKO","2020","06","30",19.9,"",.0,"8",2.0,"",2.3,""
"249200360","MIZERNA","2020","06","01",12.2,"",.0,"8",3.3,"",4.3,""
"249200360","MIZERNA","2020","06","02",9.8,"",.0,"8",1.3,"",6.0,""
"249200360","MIZERNA","2020","06","03",11.0,"",.0,"8",1.0,"",3.0,""
"249200360","MIZERNA","2020","06","04",12.0,"",.0,"8",2.0,"",4.7,""
"249200360","MIZERNA","2020","06","05",16.0,"",.0,"8",2.3,"",7.3,""
"249200360","MIZERNA","2020","06","06",16.0,"",.0,"8",2.0,"",1.0,""
"249200360","MIZERNA","2020","06","07",17.3,"",.0,"8",2.3,"",5.0,""
"249200360","MIZERNA","2020","06","08",15.5,"",.0,"8",1.3,"",7.0,""
"249200360","MIZERNA","2020","06","09",14.6,"",.0,"8",.7,"",7.3,""
"249200360","MIZERNA","2020","06","10",16.0,"",.0,"8",1.3,"",6.3,""
"249200360","MIZERNA","2020","06","11",16.4,"",.0,"8",.3,"",5.3,""
"249200360","MIZERNA","2020","06","12",18.9,"",.0,"8",1.0,"",4.0,""
"249200360","MIZERNA","2020","06","13",20.7,"",.0,"8",1.3,"",2.0,""
"249200360","MIZERNA","2020","06","14",18.3,"",.0,"8",2.0,"",7.3,""
"249200360","MIZERNA","2020","06","15",15.1,"",.0,"8",.7,"",7.7,""
"249200360","MIZERNA","2020","06","16",14.4,"",.0,"8",.7,"",8.0,""
"249200360","MIZERNA","2020","06","17",16.7,"",.0,"8",1.7,"",7.7,""
"249200360","MIZERNA","2020","06","18",17.3,"",.0,"8",.3,"",7.3,""
"249200360","MIZERNA","2020","06","19",15.9,"",.0,"8",1.0,"",8.0,""
"249200360","MIZERNA","2020","06","20",16.3,"",.0,"8",1.3,"",8.0,""
"249200360","MIZERNA","2020","06","21",15.6,"",.0,"8",1.7,"",8.0,""
"249200360","MIZERNA","2020","06","22",15.8,"",.0,"8",3.3,"",8.0,""
"249200360","MIZERNA","2020","06","23",16.0,"",.0,"8",2.7,"",6.7,""
"249200360","MIZERNA","2020","06","24",15.2,"",.0,"8",1.3,"",6.0,""
"249200360","MIZERNA","2020","06","25",18.1,"",.0,"8",2.7,"",5.0,""
"249200360","MIZERNA","2020","06","26",19.1,"",.0,"8",3.7,"",5.3,""
"249200360","MIZERNA","2020","06","27",21.9,"",.0,"8",2.0,"",3.7,""
"249200360","MIZERNA","2020","06","28",20.3,"",.0,"8",1.7,"",5.0,""
"249200360","MIZERNA","2020","06","29",17.9,"",.0,"8",1.7,"",4.7,""
"249200360","MIZERNA","2020","06","30",18.2,"",.0,"8",3.0,"",.7,""
"249200370","KROŒCIENKO","2020","06","01",13.4,"",.0,"8",1.0,"",5.3,""
"249200370","KROŒCIENKO","2020","06","02",10.9,"",.0,"8",.7,"",6.7,""
"249200370","KROŒCIENKO","2020","06","03",11.5,"",.0,"8",.7,"",2.3,""
"249200370","KROŒCIENKO","2020","06","04",13.2,"",.0,"8",1.0,"",4.7,""
"249200370","KROŒCIENKO","2020","06","05",17.0,"",.0,"8",.7,"",6.3,""
"249200370","KROŒCIENKO","2020","06","06",18.2,"",.0,"8",.7,"",.0,""
"249200370","KROŒCIENKO","2020","06","07",18.7,"",.0,"8",1.0,"",5.3,""
"249200370","KROŒCIENKO","2020","06","08",16.3,"",.0,"8",2.0,"",6.0,""
"249200370","KROŒCIENKO","2020","06","09",15.1,"",.0,"8",2.3,"",8.0,""
"249200370","KROŒCIENKO","2020","06","10",15.8,"",.0,"8",2.0,"",8.0,""
"249200370","KROŒCIENKO","2020","06","11",16.8,"",.0,"8",1.0,"",5.3,""
"249200370","KROŒCIENKO","2020","06","12",19.8,"",.0,"8",.7,"",4.0,""
"249200370","KROŒCIENKO","2020","06","13",21.4,"",.0,"8",1.3,"",1.7,""
"249200370","KROŒCIENKO","2020","06","14",18.7,"",.0,"8",2.3,"",7.3,""
"249200370","KROŒCIENKO","2020","06","15",15.7,"",.0,"8",1.0,"",8.0,""
"249200370","KROŒCIENKO","2020","06","16",14.7,"",.0,"8",.7,"",8.0,""
"249200370","KROŒCIENKO","2020","06","17",17.1,"",.0,"8",1.0,"",8.0,""
"249200370","KROŒCIENKO","2020","06","18",18.2,"",.0,"8",.3,"",8.0,""
"249200370","KROŒCIENKO","2020","06","19",17.5,"",.0,"8",.0,"",8.0,""
"249200370","KROŒCIENKO","2020","06","20",17.1,"",.0,"8",.0,"",8.0,""
"249200370","KROŒCIENKO","2020","06","21",16.4,"",.0,"8",.7,"",8.0,""
"249200370","KROŒCIENKO","2020","06","22",16.4,"",.0,"8",2.0,"",8.0,""
"249200370","KROŒCIENKO","2020","06","23",16.4,"",.0,"8",2.3,"",4.3,""
"249200370","KROŒCIENKO","2020","06","24",16.0,"",.0,"8",2.3,"",4.0,""
"249200370","KROŒCIENKO","2020","06","25",18.4,"",.0,"8",.7,"",3.3,""
"249200370","KROŒCIENKO","2020","06","26",18.5,"",.0,"8",.7,"",4.0,""
"249200370","KROŒCIENKO","2020","06","27",21.6,"",.0,"8",1.0,"",3.7,""
"249200370","KROŒCIENKO","2020","06","28",20.9,"",.0,"8",.7,"",3.0,""
"249200370","KROŒCIENKO","2020","06","29",19.6,"",.0,"8",.3,"",3.0,""
"249200370","KROŒCIENKO","2020","06","30",19.1,"",.0,"8",1.3,"",.0,""
"249200420","NIEDZICA","2020","06","01",12.5,"",.0,"8",1.0,"",4.3,""
"249200420","NIEDZICA","2020","06","02",10.1,"",.0,"8",1.0,"",4.7,""
"249200420","NIEDZICA","2020","06","03",10.7,"",.0,"8",.7,"",1.3,""
"249200420","NIEDZICA","2020","06","04",11.9,"",.0,"8",2.3,"",5.0,""
"249200420","NIEDZICA","2020","06","05",15.6,"",.0,"8",1.3,"",6.7,""
"249200420","NIEDZICA","2020","06","06",16.5,"",.0,"8",1.3,"",.7,""
"249200420","NIEDZICA","2020","06","07",17.8,"",.0,"8",2.7,"",4.0,""
"249200420","NIEDZICA","2020","06","08",15.5,"",.0,"8",1.3,"",7.7,""
"249200420","NIEDZICA","2020","06","09",14.7,"",.0,"8",2.0,"",7.7,""
"249200420","NIEDZICA","2020","06","10",15.6,"",.0,"8",2.0,"",7.3,""
"249200420","NIEDZICA","2020","06","11",16.5,"",.0,"8",.0,"",5.3,""
"249200420","NIEDZICA","2020","06","12",18.7,"",.0,"8",.3,"",4.3,""
"249200420","NIEDZICA","2020","06","13",20.4,"",.0,"8",1.0,"",2.0,""
"249200420","NIEDZICA","2020","06","14",18.0,"",.0,"8",1.3,"",6.3,""
"249200420","NIEDZICA","2020","06","15",15.1,"",.0,"8",1.7,"",8.0,""
"249200420","NIEDZICA","2020","06","16",14.4,"",.0,"8",.3,"",8.0,""
"249200420","NIEDZICA","2020","06","17",16.8,"",.0,"8",.7,"",7.3,""
"249200420","NIEDZICA","2020","06","18",17.4,"",.0,"8",1.3,"",7.0,""
"249200420","NIEDZICA","2020","06","19",16.5,"",.0,"8",.7,"",8.0,""
"249200420","NIEDZICA","2020","06","20",16.6,"",.0,"8",.3,"",7.7,""
"249200420","NIEDZICA","2020","06","21",16.1,"",.0,"8",.3,"",8.0,""
"249200420","NIEDZICA","2020","06","22",15.9,"",.0,"8",1.7,"",8.0,""
"249200420","NIEDZICA","2020","06","23",15.8,"",.0,"8",1.3,"",6.0,""
"249200420","NIEDZICA","2020","06","24",15.8,"",.0,"8",1.0,"",5.0,""
"249200420","NIEDZICA","2020","06","25",17.5,"",.0,"8",2.3,"",4.7,""
"249200420","NIEDZICA","2020","06","26",19.1,"",.0,"8",4.0,"",6.0,""
"249200420","NIEDZICA","2020","06","27",21.0,"",.0,"8",2.3,"",3.7,""
"249200420","NIEDZICA","2020","06","28",19.7,"",.0,"8",1.3,"",4.3,""
"249200420","NIEDZICA","2020","06","29",17.8,"",.0,"8",1.3,"",5.7,""
"249200420","NIEDZICA","2020","06","30",18.3,"",.0,"8",1.7,"",1.0,""
"249200470","KRYNICA","2020","06","01",12.5,"",68.8,"",3.0,"",5.3,""
"249200470","KRYNICA","2020","06","02",9.8,"",73.5,"",3.0,"",5.0,""
"249200470","KRYNICA","2020","06","03",9.4,"",75.8,"",1.3,"",3.3,""
"249200470","KRYNICA","2020","06","04",11.2,"",81.5,"",2.0,"",5.0,""
"249200470","KRYNICA","2020","06","05",14.8,"",78.5,"",2.7,"",7.3,""
"249200470","KRYNICA","2020","06","06",17.2,"",75.8,"",3.0,"",2.0,""
"249200470","KRYNICA","2020","06","07",18.4,"",67.3,"",1.7,"",5.7,""
"249200470","KRYNICA","2020","06","08",15.4,"",87.8,"",2.0,"",6.3,""
"249200470","KRYNICA","2020","06","09",13.6,"",91.0,"",2.3,"",8.0,""
"249200470","KRYNICA","2020","06","10",15.1,"",88.3,"",1.0,"",7.3,""
"249200470","KRYNICA","2020","06","11",16.4,"",87.3,"",1.3,"",7.0,""
"249200470","KRYNICA","2020","06","12",19.3,"",85.3,"",2.0,"",5.7,""
"249200470","KRYNICA","2020","06","13",20.9,"",72.8,"",1.7,"",2.3,""
"249200470","KRYNICA","2020","06","14",17.8,"",91.8,"",1.7,"",8.0,""
"249200470","KRYNICA","2020","06","15",13.8,"",93.0,"",2.0,"",8.0,""
"249200470","KRYNICA","2020","06","16",13.8,"",93.5,"",3.0,"",8.0,""
"249200470","KRYNICA","2020","06","17",16.9,"",86.5,"",2.3,"",4.3,""
"249200470","KRYNICA","2020","06","18",17.0,"",92.8,"",1.3,"",7.7,""
"249200470","KRYNICA","2020","06","19",16.8,"",94.5,"",1.3,"",7.0,""
"249200470","KRYNICA","2020","06","20",16.3,"",90.5,"",1.0,"",7.3,""
"249200470","KRYNICA","2020","06","21",16.5,"",92.3,"",2.3,"",7.7,""
"249200470","KRYNICA","2020","06","22",16.3,"",94.5,"",3.0,"",8.0,""
"249200470","KRYNICA","2020","06","23",15.5,"",82.3,"",4.3,"",6.0,""
"249200470","KRYNICA","2020","06","24",16.0,"",82.0,"",1.7,"",4.0,""
"249200470","KRYNICA","2020","06","25",17.5,"",80.3,"",2.3,"",5.7,""
"249200470","KRYNICA","2020","06","26",17.6,"",87.5,"",2.0,"",6.3,""
"249200470","KRYNICA","2020","06","27",19.8,"",75.3,"",2.3,"",4.0,""
"249200470","KRYNICA","2020","06","28",19.4,"",79.5,"",.7,"",5.0,""
"249200470","KRYNICA","2020","06","29",18.0,"",85.3,"",1.7,"",5.7,""
"249200470","KRYNICA","2020","06","30",17.3,"",70.8,"",1.3,"",3.0,""
"249200480","BUKOWINA TATRZAÑSKA","2020","06","01",10.3,"",.0,"8",3.7,"",5.3,""
"249200480","BUKOWINA TATRZAÑSKA","2020","06","02",8.1,"",.0,"8",2.7,"",6.0,""
"249200480","BUKOWINA TATRZAÑSKA","2020","06","03",10.3,"",.0,"8",2.0,"",4.0,""
"249200480","BUKOWINA TATRZAÑSKA","2020","06","04",12.2,"",.0,"8",.3,"",4.7,""
"249200480","BUKOWINA TATRZAÑSKA","2020","06","05",13.8,"",.0,"8",2.3,"",7.3,""
"249200480","BUKOWINA TATRZAÑSKA","2020","06","06",15.7,"",.0,"8",1.0,"",1.7,""
"249200480","BUKOWINA TATRZAÑSKA","2020","06","07",17.5,"",.0,"8",1.7,"",7.0,""
"249200480","BUKOWINA TATRZAÑSKA","2020","06","08",13.9,"",.0,"8",2.0,"",8.0,""
"249200480","BUKOWINA TATRZAÑSKA","2020","06","09",12.9,"",.0,"8",.7,"",8.0,""
"249200480","BUKOWINA TATRZAÑSKA","2020","06","10",13.5,"",.0,"8",1.3,"",8.0,""
"249200480","BUKOWINA TATRZAÑSKA","2020","06","11",14.5,"",.0,"8",.7,"",7.3,""
"249200480","BUKOWINA TATRZAÑSKA","2020","06","12",17.4,"",.0,"8",.7,"",6.7,""
"249200480","BUKOWINA TATRZAÑSKA","2020","06","13",19.6,"",.0,"8",1.0,"",3.3,""
"249200480","BUKOWINA TATRZAÑSKA","2020","06","14",16.3,"",.0,"8",1.3,"",6.7,""
"249200480","BUKOWINA TATRZAÑSKA","2020","06","15",12.7,"",.0,"8",.7,"",8.0,""
"249200480","BUKOWINA TATRZAÑSKA","2020","06","16",12.2,"",.0,"8",.7,"",8.0,""
"249200480","BUKOWINA TATRZAÑSKA","2020","06","17",14.5,"",.0,"8",1.0,"",8.0,""
"249200480","BUKOWINA TATRZAÑSKA","2020","06","18",15.4,"",.0,"8",1.0,"",7.7,""
"249200480","BUKOWINA TATRZAÑSKA","2020","06","19",14.3,"",.0,"8",1.3,"",8.0,""
"249200480","BUKOWINA TATRZAÑSKA","2020","06","20",14.1,"",.0,"8",1.3,"",8.0,""
"249200480","BUKOWINA TATRZAÑSKA","2020","06","21",13.7,"",.0,"8",2.3,"",8.0,""
"249200480","BUKOWINA TATRZAÑSKA","2020","06","22",13.8,"",.0,"8",4.7,"",8.0,""
"249200480","BUKOWINA TATRZAÑSKA","2020","06","23",13.1,"",.0,"8",3.7,"",7.0,""
"249200480","BUKOWINA TATRZAÑSKA","2020","06","24",13.2,"",.0,"8",1.7,"",7.0,""
"249200480","BUKOWINA TATRZAÑSKA","2020","06","25",16.1,"",.0,"8",1.7,"",5.7,""
"249200480","BUKOWINA TATRZAÑSKA","2020","06","26",18.0,"",.0,"8",1.0,"",5.7,""
"249200480","BUKOWINA TATRZAÑSKA","2020","06","27",19.8,"",.0,"8",3.0,"",4.3,""
"249200480","BUKOWINA TATRZAÑSKA","2020","06","28",19.6,"",.0,"8",2.7,"",4.0,""
"249200480","BUKOWINA TATRZAÑSKA","2020","06","29",17.6,"",.0,"8",2.0,"",5.3,""
"249200480","BUKOWINA TATRZAÑSKA","2020","06","30",16.3,"",.0,"8",4.7,"",1.3,""
"249200490","MUSZYNA","2020","06","01",12.8,"",.0,"8",2.0,"",3.7,""
"249200490","MUSZYNA","2020","06","02",10.4,"",.0,"8",1.3,"",5.3,""
"249200490","MUSZYNA","2020","06","03",10.1,"",.0,"8",.7,"",3.7,""
"249200490","MUSZYNA","2020","06","04",12.0,"",.0,"8",.7,"",5.3,""
"249200490","MUSZYNA","2020","06","05",16.0,"",.0,"8",3.0,"",7.7,""
"249200490","MUSZYNA","2020","06","06",18.0,"",.0,"8",1.3,"",3.3,""
"249200490","MUSZYNA","2020","06","07",18.9,"",.0,"8",1.0,"",4.7,""
"249200490","MUSZYNA","2020","06","08",16.6,"",.0,"8",.0,"",8.0,""
"249200490","MUSZYNA","2020","06","09",14.9,"",.0,"8",1.7,"",8.0,""
"249200490","MUSZYNA","2020","06","10",16.3,"",.0,"8",1.3,"",7.7,""
"249200490","MUSZYNA","2020","06","11",16.8,"",.0,"8",.7,"",7.7,""
"249200490","MUSZYNA","2020","06","12",19.5,"",.0,"8",.3,"",5.3,""
"249200490","MUSZYNA","2020","06","13",20.9,"",.0,"8",1.3,"",3.0,""
"249200490","MUSZYNA","2020","06","14",18.7,"",.0,"8",2.0,"",7.0,""
"249200490","MUSZYNA","2020","06","15",15.7,"",.0,"8",1.7,"",8.0,""
"249200490","MUSZYNA","2020","06","16",15.0,"",.0,"8",1.0,"",8.0,""
"249200490","MUSZYNA","2020","06","17",17.8,"",.0,"8",.7,"",7.3,""
"249200490","MUSZYNA","2020","06","18",18.1,"",.0,"8",.7,"",7.3,""
"249200490","MUSZYNA","2020","06","19",17.9,"",.0,"8",1.0,"",7.0,""
"249200490","MUSZYNA","2020","06","20",17.3,"",.0,"8",.3,"",7.7,""
"249200490","MUSZYNA","2020","06","21",17.3,"",.0,"8",1.7,"",7.3,""
"249200490","MUSZYNA","2020","06","22",16.7,"",.0,"8",1.0,"",8.0,""
"249200490","MUSZYNA","2020","06","23",16.0,"",.0,"8",1.0,"",6.0,""
"249200490","MUSZYNA","2020","06","24",17.3,"",.0,"8",1.3,"",5.7,""
"249200490","MUSZYNA","2020","06","25",17.6,"",.0,"8",1.0,"",4.3,""
"249200490","MUSZYNA","2020","06","26",18.4,"",.0,"8",.7,"",7.0,""
"249200490","MUSZYNA","2020","06","27",20.5,"",.0,"8",2.0,"",3.0,""
"249200490","MUSZYNA","2020","06","28",20.1,"",.0,"8",.3,"",5.0,""
"249200490","MUSZYNA","2020","06","29",18.8,"",.0,"8",1.0,"",5.7,""
"249200490","MUSZYNA","2020","06","30",18.1,"",.0,"8",1.0,"",3.0,""
"249200550","DOLINA PIÊCIU STAWÓW","2020","06","01",3.9,"",.0,"8",7.7,"",6.7,""
"249200550","DOLINA PIÊCIU STAWÓW","2020","06","02",1.3,"",.0,"8",2.3,"",7.3,""
"249200550","DOLINA PIÊCIU STAWÓW","2020","06","03",3.9,"",.0,"8",2.0,"",6.0,""
"249200550","DOLINA PIÊCIU STAWÓW","2020","06","04",7.2,"",.0,"8",5.7,"",6.0,""
"249200550","DOLINA PIÊCIU STAWÓW","2020","06","05",7.9,"",.0,"8",5.7,"",8.0,""
"249200550","DOLINA PIÊCIU STAWÓW","2020","06","06",10.6,"",.0,"8",2.3,"",2.7,""
"249200550","DOLINA PIÊCIU STAWÓW","2020","06","07",12.4,"",.0,"8",4.7,"",6.3,""
"249200550","DOLINA PIÊCIU STAWÓW","2020","06","08",10.4,"",.0,"8",1.7,"",7.7,""
"249200550","DOLINA PIÊCIU STAWÓW","2020","06","09",8.8,"",.0,"8",1.3,"",6.3,""
"249200550","DOLINA PIÊCIU STAWÓW","2020","06","10",10.2,"",.0,"8",.3,"",6.0,""
"249200550","DOLINA PIÊCIU STAWÓW","2020","06","11",10.2,"",.0,"8",2.0,"",6.0,""
"249200550","DOLINA PIÊCIU STAWÓW","2020","06","12",11.8,"",.0,"8",1.0,"",6.0,""
"249200550","DOLINA PIÊCIU STAWÓW","2020","06","13",15.3,"",.0,"8",4.0,"",5.0,""
"249200550","DOLINA PIÊCIU STAWÓW","2020","06","14",12.9,"",.0,"8",2.3,"",6.0,""
"249200550","DOLINA PIÊCIU STAWÓW","2020","06","15",8.2,"",.0,"8",1.0,"",8.0,""
"249200550","DOLINA PIÊCIU STAWÓW","2020","06","16",9.1,"",.0,"8",1.0,"",8.0,""
"249200550","DOLINA PIÊCIU STAWÓW","2020","06","17",10.5,"",.0,"8",3.0,"",8.0,""
"249200550","DOLINA PIÊCIU STAWÓW","2020","06","18",10.3,"",.0,"8",1.7,"",6.7,""
"249200550","DOLINA PIÊCIU STAWÓW","2020","06","19",10.1,"",.0,"8",2.0,"",7.7,""
"249200550","DOLINA PIÊCIU STAWÓW","2020","06","20",9.7,"",.0,"8",.7,"",8.0,""
"249200550","DOLINA PIÊCIU STAWÓW","2020","06","21",9.9,"",.0,"8",4.0,"",8.0,""
"249200550","DOLINA PIÊCIU STAWÓW","2020","06","22",10.0,"",.0,"8",7.3,"",8.0,""
"249200550","DOLINA PIÊCIU STAWÓW","2020","06","23",7.4,"",.0,"8",3.7,"",8.0,""
"249200550","DOLINA PIÊCIU STAWÓW","2020","06","24",9.0,"",.0,"8",3.0,"",7.7,""
"249200550","DOLINA PIÊCIU STAWÓW","2020","06","25",12.3,"",.0,"8",1.7,"",5.0,""
"249200550","DOLINA PIÊCIU STAWÓW","2020","06","26",12.3,"",.0,"8",5.0,"",6.3,""
"249200550","DOLINA PIÊCIU STAWÓW","2020","06","27",13.1,"",.0,"8",7.0,"",7.0,""
"249200550","DOLINA PIÊCIU STAWÓW","2020","06","28",14.9,"",.0,"8",4.7,"",6.0,""
"249200550","DOLINA PIÊCIU STAWÓW","2020","06","29",14.0,"",.0,"8",3.7,"",5.7,""
"249200550","DOLINA PIÊCIU STAWÓW","2020","06","30",10.9,"",.0,"8",7.0,"",3.3,""
"249200920","PIWNICZNA","2020","06","01",13.3,"",.0,"8",2.3,"",3.3,""
"249200920","PIWNICZNA","2020","06","02",11.1,"",.0,"8",1.3,"",4.3,""
"249200920","PIWNICZNA","2020","06","03",11.1,"",.0,"8",.7,"",.7,""
"249200920","PIWNICZNA","2020","06","04",12.9,"",.0,"8",2.7,"",1.7,""
"249200920","PIWNICZNA","2020","06","05",16.8,"",.0,"8",4.0,"",6.0,""
"249200920","PIWNICZNA","2020","06","06",18.1,"",.0,"8",3.3,"",.3,""
"249200920","PIWNICZNA","2020","06","07",18.5,"",.0,"8",.7,"",3.3,""
"249200920","PIWNICZNA","2020","06","08",16.1,"",.0,"8",2.0,"",8.0,""
"249200920","PIWNICZNA","2020","06","09",14.4,"",.0,"8",2.0,"",8.0,""
"249200920","PIWNICZNA","2020","06","10",16.3,"",.0,"8",1.0,"",8.0,""
"249200920","PIWNICZNA","2020","06","11",17.1,"",.0,"8",1.0,"",6.3,""
"249200920","PIWNICZNA","2020","06","12",19.7,"",.0,"8",.3,"",4.0,""
"249200920","PIWNICZNA","2020","06","13",21.4,"",.0,"8",.3,"",.0,""
"249200920","PIWNICZNA","2020","06","14",18.7,"",.0,"8",1.3,"",7.7,""
"249200920","PIWNICZNA","2020","06","15",15.3,"",.0,"8",.3,"",8.0,""
"249200920","PIWNICZNA","2020","06","16",14.8,"",.0,"8",2.3,"",8.0,""
"249200920","PIWNICZNA","2020","06","17",17.2,"",.0,"8",2.3,"",7.3,""
"249200920","PIWNICZNA","2020","06","18",17.9,"",.0,"8",.7,"",7.3,""
"249200920","PIWNICZNA","2020","06","19",17.8,"",.0,"8",.7,"",7.7,""
"249200920","PIWNICZNA","2020","06","20",17.5,"",.0,"8",.0,"",7.0,""
"249200920","PIWNICZNA","2020","06","21",17.0,"",.0,"8",.7,"",7.7,""
"249200920","PIWNICZNA","2020","06","22",16.7,"",.0,"8",3.0,"",8.0,""
"249200920","PIWNICZNA","2020","06","23",15.4,"",.0,"8",2.0,"",4.3,""
"249200920","PIWNICZNA","2020","06","24",16.9,"",.0,"8",.7,"",3.0,""
"249200920","PIWNICZNA","2020","06","25",17.7,"",.0,"8",.7,"",5.7,""
"249200920","PIWNICZNA","2020","06","26",19.3,"",.0,"8",2.7,"",6.3,""
"249200920","PIWNICZNA","2020","06","27",21.8,"",.0,"8",2.7,"",1.3,""
"249200920","PIWNICZNA","2020","06","28",20.8,"",.0,"8",.3,"",3.3,""
"249200920","PIWNICZNA","2020","06","29",19.6,"",.0,"8",2.7,"",5.0,""
"249200920","PIWNICZNA","2020","06","30",19.4,"",.0,"8",.3,"",.0,""
"249200930","PORONIN","2020","06","01",10.9,"",79.0,"",1.3,"",5.3,""
"249200930","PORONIN","2020","06","02",8.4,"",85.0,"",1.0,"",6.7,""
"249200930","PORONIN","2020","06","03",9.5,"",75.8,"",2.0,"",4.0,""
"249200930","PORONIN","2020","06","04",11.3,"",76.8,"",1.3,"",5.3,""
"249200930","PORONIN","2020","06","05",14.5,"",73.8,"",2.3,"",7.3,""
"249200930","PORONIN","2020","06","06",15.0,"",64.0,"",1.3,"",1.7,""
"249200930","PORONIN","2020","06","07",16.8,"",66.3,"",2.0,"",5.3,""
"249200930","PORONIN","2020","06","08",14.5,"",93.3,"",1.7,"",7.7,""
"249200930","PORONIN","2020","06","09",13.8,"",88.3,"",2.0,"",7.7,""
"249200930","PORONIN","2020","06","10",14.4,"",89.3,"",1.7,"",7.0,""
"249200930","PORONIN","2020","06","11",15.0,"",77.0,"",1.7,"",5.0,""
"249200930","PORONIN","2020","06","12",17.8,"",78.0,"",2.0,"",6.3,""
"249200930","PORONIN","2020","06","13",19.5,"",69.3,"",1.7,"",4.0,""
"249200930","PORONIN","2020","06","14",17.1,"",81.8,"",3.0,"",5.3,""
"249200930","PORONIN","2020","06","15",13.6,"",86.8,"",2.0,"",7.7,""
"249200930","PORONIN","2020","06","16",13.1,"",94.0,"",.7,"",8.0,""
"249200930","PORONIN","2020","06","17",15.1,"",98.3,"",.7,"",8.0,""
"249200930","PORONIN","2020","06","18",15.7,"",93.5,"",1.3,"",6.3,""
"249200930","PORONIN","2020","06","19",14.5,"",94.8,"",1.0,"",8.0,""
"249200930","PORONIN","2020","06","20",15.1,"",94.5,"",.0,"8",8.0,""
"249200930","PORONIN","2020","06","21",14.5,"",98.8,"",.0,"8",8.0,""
"249200930","PORONIN","2020","06","22",14.5,"",98.5,"",.0,"8",8.0,""
"249200930","PORONIN","2020","06","23",13.9,"",81.8,"",1.3,"",6.3,""
"249200930","PORONIN","2020","06","24",13.8,"",80.0,"",1.0,"",6.0,""
"249200930","PORONIN","2020","06","25",16.3,"",75.8,"",1.7,"",4.7,""
"249200930","PORONIN","2020","06","26",18.0,"",78.8,"",1.0,"",5.3,""
"249200930","PORONIN","2020","06","27",20.4,"",52.5,"",2.0,"",4.0,""
"249200930","PORONIN","2020","06","28",19.0,"",73.0,"",1.7,"",5.3,""
"249200930","PORONIN","2020","06","29",17.7,"",65.0,"",1.3,"",4.7,""
"249200930","PORONIN","2020","06","30",17.0,"",54.8,"",3.3,"",1.7,""
"249200980","MSZANA DOLNA","2020","06","01",12.8,"",69.5,"",3.3,"",5.7,""
"249200980","MSZANA DOLNA","2020","06","02",10.4,"",75.5,"",2.7,"",6.0,""
"249200980","MSZANA DOLNA","2020","06","03",11.6,"",66.0,"",2.0,"",3.3,""
"249200980","MSZANA DOLNA","2020","06","04",12.8,"",74.0,"",1.3,"",6.0,""
"249200980","MSZANA DOLNA","2020","06","05",16.3,"",66.5,"",5.7,"",7.3,""
"249200980","MSZANA DOLNA","2020","06","06",17.7,"",55.3,"",3.7,"",2.3,""
"249200980","MSZANA DOLNA","2020","06","07",18.7,"",66.3,"",1.0,"",6.7,""
"249200980","MSZANA DOLNA","2020","06","08",15.5,"",91.0,"",2.3,"",8.0,""
"249200980","MSZANA DOLNA","2020","06","09",13.5,"",90.8,"",2.3,"",8.0,""
"249200980","MSZANA DOLNA","2020","06","10",15.6,"",88.3,"",2.0,"",8.0,""
"249200980","MSZANA DOLNA","2020","06","11",16.3,"",87.3,"",1.7,"",5.7,""
"249200980","MSZANA DOLNA","2020","06","12",19.2,"",83.0,"",1.3,"",5.0,""
"249200980","MSZANA DOLNA","2020","06","13",21.2,"",67.8,"",2.3,"",3.3,""
"249200980","MSZANA DOLNA","2020","06","14",18.2,"",90.3,"",2.7,"",8.0,""
"249200980","MSZANA DOLNA","2020","06","15",15.2,"",80.5,"",1.3,"",7.3,""
"249200980","MSZANA DOLNA","2020","06","16",14.0,"",96.0,"",.7,"",8.0,""
"249200980","MSZANA DOLNA","2020","06","17",17.2,"",89.0,"",1.7,"",7.7,""
"249200980","MSZANA DOLNA","2020","06","18",18.2,"",89.8,"",1.7,"",7.7,""
"249200980","MSZANA DOLNA","2020","06","19",17.3,"",91.8,"",1.3,"",8.0,""
"249200980","MSZANA DOLNA","2020","06","20",16.8,"",88.5,"",1.7,"",8.0,""
"249200980","MSZANA DOLNA","2020","06","21",16.1,"",95.5,"",1.3,"",8.0,""
"249200980","MSZANA DOLNA","2020","06","22",16.1,"",95.8,"",3.0,"",8.0,""
"249200980","MSZANA DOLNA","2020","06","23",16.5,"",72.3,"",3.7,"",6.3,""
"249200980","MSZANA DOLNA","2020","06","24",14.7,"",83.8,"",1.3,"",5.3,""
"249200980","MSZANA DOLNA","2020","06","25",17.2,"",82.0,"",3.0,"",3.7,""
"249200980","MSZANA DOLNA","2020","06","26",19.7,"",81.3,"",1.7,"",6.0,""
"249200980","MSZANA DOLNA","2020","06","27",20.3,"",73.8,"",2.7,"",3.3,""
"249200980","MSZANA DOLNA","2020","06","28",21.1,"",78.5,"",3.0,"",4.3,""
"249200980","MSZANA DOLNA","2020","06","29",19.2,"",82.8,"",1.3,"",4.3,""
"249200980","MSZANA DOLNA","2020","06","30",18.4,"",65.8,"",3.7,"",1.7,""
"249220040","DYNÓW","2020","06","01",13.2,"",.0,"8",3.3,"",5.3,""
"249220040","DYNÓW","2020","06","02",10.4,"",.0,"8",2.7,"",4.7,""
"249220040","DYNÓW","2020","06","03",11.1,"",.0,"8",1.3,"",8.0,""
"249220040","DYNÓW","2020","06","04",12.6,"",.0,"8",1.7,"",3.3,""
"249220040","DYNÓW","2020","06","05",17.5,"",.0,"8",5.0,"",5.3,""
"249220040","DYNÓW","2020","06","06",19.6,"",.0,"8",1.3,"",2.7,""
"249220040","DYNÓW","2020","06","07",19.3,"",.0,"8",.3,"",2.0,""
"249220040","DYNÓW","2020","06","08",18.4,"",.0,"8",1.0,"",8.0,""
"249220040","DYNÓW","2020","06","09",15.7,"",.0,"8",1.0,"",8.0,""
"249220040","DYNÓW","2020","06","10",17.3,"",.0,"8",1.0,"",8.0,""
"249220040","DYNÓW","2020","06","11",17.2,"",.0,"8",1.0,"",6.0,""
"249220040","DYNÓW","2020","06","12",20.5,"",.0,"8",1.3,"",5.3,""
"249220040","DYNÓW","2020","06","13",22.8,"",.0,"8",2.7,"",1.3,""
"249220040","DYNÓW","2020","06","14",18.1,"",.0,"8",2.7,"",8.0,""
"249220040","DYNÓW","2020","06","15",15.9,"",.0,"8",1.0,"",8.0,""
"249220040","DYNÓW","2020","06","16",18.4,"",.0,"8",1.0,"",8.0,""
"249220040","DYNÓW","2020","06","17",19.7,"",.0,"8",1.3,"",8.0,""
"249220040","DYNÓW","2020","06","18",19.5,"",.0,"8",1.0,"",6.0,""
"249220040","DYNÓW","2020","06","19",19.3,"",.0,"8",1.0,"",6.7,""
"249220040","DYNÓW","2020","06","20",18.5,"",.0,"8",1.0,"",6.3,""
"249220040","DYNÓW","2020","06","21",19.5,"",.0,"8",2.0,"",6.7,""
"249220040","DYNÓW","2020","06","22",19.2,"",.0,"8",1.0,"",8.0,""
"249220040","DYNÓW","2020","06","23",16.5,"",.0,"8",2.7,"",8.0,""
"249220040","DYNÓW","2020","06","24",17.2,"",.0,"8",1.7,"",8.0,""
"249220040","DYNÓW","2020","06","25",19.7,"",.0,"8",2.0,"",6.7,""
"249220040","DYNÓW","2020","06","26",19.7,"",.0,"8",3.0,"",5.3,""
"249220040","DYNÓW","2020","06","27",19.7,"",.0,"8",1.7,"",5.3,""
"249220040","DYNÓW","2020","06","28",21.7,"",.0,"8",1.3,"",4.0,""
"249220040","DYNÓW","2020","06","29",21.4,"",.0,"8",1.7,"",.0,""
"249220040","DYNÓW","2020","06","30",20.4,"",.0,"8",1.7,"",4.0,""
"249220150","SOLINA-JAWOR","2020","06","01",12.2,"",.0,"8",3.3,"",5.7,""
"249220150","SOLINA-JAWOR","2020","06","02",9.0,"",.0,"8",.7,"",6.0,""
"249220150","SOLINA-JAWOR","2020","06","03",9.9,"",.0,"8",.3,"",8.0,""
"249220150","SOLINA-JAWOR","2020","06","04",12.4,"",.0,"8",1.7,"",5.7,""
"249220150","SOLINA-JAWOR","2020","06","05",17.0,"",.0,"8",3.7,"",7.0,""
"249220150","SOLINA-JAWOR","2020","06","06",19.0,"",.0,"8",.0,"8",5.3,""
"249220150","SOLINA-JAWOR","2020","06","07",18.1,"",.0,"8",.0,"8",5.7,""
"249220150","SOLINA-JAWOR","2020","06","08",17.8,"",.0,"8",2.0,"",7.7,""
"249220150","SOLINA-JAWOR","2020","06","09",14.6,"",.0,"8",.7,"",8.0,""
"249220150","SOLINA-JAWOR","2020","06","10",16.4,"",.0,"8",1.3,"",6.3,""
"249220150","SOLINA-JAWOR","2020","06","11",16.5,"",.0,"8",1.0,"",6.0,""
"249220150","SOLINA-JAWOR","2020","06","12",19.5,"",.0,"8",.7,"",6.0,""
"249220150","SOLINA-JAWOR","2020","06","13",21.9,"",.0,"8",2.3,"",5.3,""
"249220150","SOLINA-JAWOR","2020","06","14",17.8,"",.0,"8",3.0,"",8.0,""
"249220150","SOLINA-JAWOR","2020","06","15",15.2,"",.0,"8",.7,"",8.0,""
"249220150","SOLINA-JAWOR","2020","06","16",17.7,"",.0,"8",1.7,"",7.3,""
"249220150","SOLINA-JAWOR","2020","06","17",17.7,"",.0,"8",2.3,"",5.7,""
"249220150","SOLINA-JAWOR","2020","06","18",17.3,"",.0,"8",1.0,"",7.0,""
"249220150","SOLINA-JAWOR","2020","06","19",18.2,"",.0,"8",.7,"",7.3,""
"249220150","SOLINA-JAWOR","2020","06","20",17.8,"",.0,"8",.7,"",7.7,""
"249220150","SOLINA-JAWOR","2020","06","21",17.9,"",.0,"8",.7,"",8.0,""
"249220150","SOLINA-JAWOR","2020","06","22",17.8,"",.0,"8",1.0,"",8.0,""
"249220150","SOLINA-JAWOR","2020","06","23",15.3,"",.0,"8",.0,"8",8.0,""
"249220150","SOLINA-JAWOR","2020","06","24",15.4,"",.0,"8",1.0,"",8.0,""
"249220150","SOLINA-JAWOR","2020","06","25",19.1,"",.0,"8",2.0,"",5.0,""
"249220150","SOLINA-JAWOR","2020","06","26",19.4,"",.0,"8",.3,"",6.7,""
"249220150","SOLINA-JAWOR","2020","06","27",21.1,"",.0,"8",3.3,"",5.3,""
"249220150","SOLINA-JAWOR","2020","06","28",21.5,"",.0,"8",.3,"",4.7,""
"249220150","SOLINA-JAWOR","2020","06","29",20.6,"",.0,"8",.7,"",3.7,""
"249220150","SOLINA-JAWOR","2020","06","30",19.4,"",.0,"8",2.0,"",5.0,""
"249220180","KOMAÑCZA","2020","06","01",12.0,"",72.0,"",2.7,"",3.7,""
"249220180","KOMAÑCZA","2020","06","02",9.2,"",76.8,"",1.7,"",5.3,""
"249220180","KOMAÑCZA","2020","06","03",9.8,"",82.0,"",1.7,"",7.0,""
"249220180","KOMAÑCZA","2020","06","04",11.5,"",79.3,"",2.7,"",6.3,""
"249220180","KOMAÑCZA","2020","06","05",15.3,"",80.8,"",2.3,"",8.0,""
"249220180","KOMAÑCZA","2020","06","06",18.5,"",72.0,"",2.7,"",3.7,""
"249220180","KOMAÑCZA","2020","06","07",19.0,"",69.0,"",1.3,"",3.3,""
"249220180","KOMAÑCZA","2020","06","08",17.4,"",86.3,"",1.3,"",7.3,""
"249220180","KOMAÑCZA","2020","06","09",14.6,"",97.5,"",2.0,"",8.0,""
"249220180","KOMAÑCZA","2020","06","10",16.5,"",97.0,"",1.0,"",6.0,""
"249220180","KOMAÑCZA","2020","06","11",16.8,"",88.8,"",1.0,"",5.7,""
"249220180","KOMAÑCZA","2020","06","12",19.4,"",84.5,"",1.7,"",5.3,""
"249220180","KOMAÑCZA","2020","06","13",21.6,"",81.5,"",2.0,"",3.0,""
"249220180","KOMAÑCZA","2020","06","14",17.3,"",93.0,"",1.7,"",8.0,""
"249220180","KOMAÑCZA","2020","06","15",14.7,"",97.5,"",1.3,"",6.7,""
"249220180","KOMAÑCZA","2020","06","16",16.6,"",98.3,"",1.3,"",8.0,""
"249220180","KOMAÑCZA","2020","06","17",17.7,"",93.8,"",1.0,"",8.0,""
"249220180","KOMAÑCZA","2020","06","18",16.8,"",94.8,"",.7,"",6.7,""
"249220180","KOMAÑCZA","2020","06","19",16.5,"",92.8,"",1.0,"",7.3,""
"249220180","KOMAÑCZA","2020","06","20",17.3,"",98.8,"",.7,"",7.7,""
"249220180","KOMAÑCZA","2020","06","21",18.1,"",93.5,"",2.3,"",8.0,""
"249220180","KOMAÑCZA","2020","06","22",17.9,"",97.8,"",2.7,"",8.0,""
"249220180","KOMAÑCZA","2020","06","23",15.6,"",98.0,"",3.0,"",8.0,""
"249220180","KOMAÑCZA","2020","06","24",15.8,"",91.0,"",1.3,"",7.3,""
"249220180","KOMAÑCZA","2020","06","25",19.5,"",77.3,"",1.7,"",6.3,""
"249220180","KOMAÑCZA","2020","06","26",18.2,"",78.0,"",1.3,"",7.0,""
"249220180","KOMAÑCZA","2020","06","27",19.2,"",77.3,"",2.7,"",6.7,""
"249220180","KOMAÑCZA","2020","06","28",20.7,"",75.8,"",1.7,"",4.0,""
"249220180","KOMAÑCZA","2020","06","29",20.1,"",84.0,"",1.0,"",3.7,""
"249220180","KOMAÑCZA","2020","06","30",19.1,"",71.0,"",2.0,"",4.0,""
"250160360","TARNÓW","2020","06","01",15.0,"",.0,"8",.0,"8",1.7,""
"250160360","TARNÓW","2020","06","02",13.0,"",.0,"8",.0,"8",7.0,""
"250160360","TARNÓW","2020","06","03",14.4,"",.0,"8",.0,"8",2.0,""
"250160360","TARNÓW","2020","06","04",14.1,"",.0,"8",.0,"8",6.0,""
"250160360","TARNÓW","2020","06","05",14.5,"",.0,"8",.0,"8",6.0,""
"250160360","TARNÓW","2020","06","06",15.4,"",.0,"8",.0,"8",7.0,""
"250160360","TARNÓW","2020","06","07",15.0,"",.0,"8",.0,"8",8.0,""
"250160360","TARNÓW","2020","06","08",12.4,"",.0,"8",.0,"8",8.0,""
"250160360","TARNÓW","2020","06","09",14.9,"",.0,"8",.0,"8",8.0,""
"250160360","TARNÓW","2020","06","10",13.7,"",.0,"8",.0,"8",8.0,""
"250160360","TARNÓW","2020","06","11",16.9,"",.0,"8",.0,"8",7.7,""
"250160360","TARNÓW","2020","06","12",20.0,"",.0,"8",.0,"8",5.3,""
"250160360","TARNÓW","2020","06","13",21.6,"",.0,"8",.0,"8",4.0,""
"250160360","TARNÓW","2020","06","14",18.6,"",.0,"8",.0,"8",6.0,""
"250160360","TARNÓW","2020","06","15",17.4,"",.0,"8",.0,"8",4.3,""
"250160360","TARNÓW","2020","06","16",17.2,"",.0,"8",.0,"8",5.7,""
"250160360","TARNÓW","2020","06","17",19.4,"",.0,"8",.0,"8",7.3,""
"250160360","TARNÓW","2020","06","18",18.1,"",.0,"8",.0,"8",8.0,""
"250160360","TARNÓW","2020","06","19",17.0,"",.0,"8",.0,"8",8.0,""
"250160360","TARNÓW","2020","06","20",14.8,"",.0,"8",.0,"8",8.0,""
"250160360","TARNÓW","2020","06","21",14.7,"",.0,"8",.0,"8",8.0,""
"250160360","TARNÓW","2020","06","22",18.7,"",.0,"8",.0,"8",4.7,""
"250160360","TARNÓW","2020","06","23",16.6,"",.0,"8",.0,"8",2.7,""
"250160360","TARNÓW","2020","06","24",14.5,"",.0,"8",.0,"8",6.0,""
"250160360","TARNÓW","2020","06","25",17.2,"",.0,"8",.0,"8",6.0,""
"250160360","TARNÓW","2020","06","26",18.2,"",.0,"8",.0,"8",5.7,""
"250160360","TARNÓW","2020","06","27",21.3,"",.0,"8",.0,"8",1.7,""
"250160360","TARNÓW","2020","06","28",22.4,"",.0,"8",.0,"8",3.3,""
"250160360","TARNÓW","2020","06","29",17.9,"",.0,"8",.0,"8",6.0,""
"250160360","TARNÓW","2020","06","30",18.3,"",.0,"8",.0,"8",2.0,""
"250180580","DRONIOWICE","2020","06","01",16.4,"",57.8,"",3.7,"",3.3,""
"250180580","DRONIOWICE","2020","06","02",12.9,"",68.5,"",3.3,"",3.7,""
"250180580","DRONIOWICE","2020","06","03",13.0,"",57.5,"",2.7,"",3.7,""
"250180580","DRONIOWICE","2020","06","04",14.9,"",56.5,"",2.3,"",4.7,""
"250180580","DRONIOWICE","2020","06","05",15.5,"",88.5,"",2.7,"",7.3,""
"250180580","DRONIOWICE","2020","06","06",17.6,"",63.3,"",3.3,"",4.7,""
"250180580","DRONIOWICE","2020","06","07",18.4,"",82.8,"",2.0,"",7.0,""
"250180580","DRONIOWICE","2020","06","08",14.6,"",93.8,"",3.0,"",8.0,""
"250180580","DRONIOWICE","2020","06","09",12.7,"",92.0,"",2.0,"",8.0,""
"250180580","DRONIOWICE","2020","06","10",15.4,"",91.3,"",2.3,"",8.0,""
"250180580","DRONIOWICE","2020","06","11",18.1,"",86.8,"",2.0,"",6.7,""
"250180580","DRONIOWICE","2020","06","12",20.0,"",83.8,"",2.0,"",7.7,""
"250180580","DRONIOWICE","2020","06","13",22.8,"",71.8,"",1.0,"",4.3,""
"250180580","DRONIOWICE","2020","06","14",17.4,"",80.8,"",2.7,"",6.3,""
"250180580","DRONIOWICE","2020","06","15",16.2,"",73.3,"",1.3,"",4.3,""
"250180580","DRONIOWICE","2020","06","16",16.1,"",81.3,"",2.0,"",6.3,""
"250180580","DRONIOWICE","2020","06","17",19.1,"",80.8,"",1.7,"",7.3,""
"250180580","DRONIOWICE","2020","06","18",18.7,"",92.0,"",1.7,"",8.0,""
"250180580","DRONIOWICE","2020","06","19",17.2,"",94.5,"",3.7,"",7.7,""
"250180580","DRONIOWICE","2020","06","20",16.4,"",98.0,"",3.0,"",8.0,""
"250180580","DRONIOWICE","2020","06","21",17.3,"",95.5,"",4.3,"",8.0,""
"250180580","DRONIOWICE","2020","06","22",17.3,"",93.3,"",3.7,"",7.7,""
"250180580","DRONIOWICE","2020","06","23",16.7,"",66.5,"",4.0,"",5.0,""
"250180580","DRONIOWICE","2020","06","24",14.1,"",94.5,"",3.0,"",8.0,""
"250180580","DRONIOWICE","2020","06","25",19.1,"",76.8,"",2.3,"",5.0,""
"250180580","DRONIOWICE","2020","06","26",19.6,"",87.0,"",2.3,"",7.0,""
"250180580","DRONIOWICE","2020","06","27",20.1,"",79.8,"",4.0,"",6.0,""
"250180580","DRONIOWICE","2020","06","28",22.2,"",72.5,"",3.3,"",4.0,""
"250180580","DRONIOWICE","2020","06","29",18.1,"",94.0,"",3.3,"",8.0,""
"250180580","DRONIOWICE","2020","06","30",18.2,"",67.5,"",4.3,"",2.7,""
"250190160","LGOTA GÓRNA","2020","06","01",13.1,"",.0,"8",.0,"8",4.7,""
"250190160","LGOTA GÓRNA","2020","06","02",12.5,"",.0,"8",.0,"8",3.3,""
"250190160","LGOTA GÓRNA","2020","06","03",11.4,"",.0,"8",.0,"8",5.0,""
"250190160","LGOTA GÓRNA","2020","06","04",15.2,"",.0,"8",.0,"8",4.0,""
"250190160","LGOTA GÓRNA","2020","06","05",14.6,"",.0,"8",.0,"8",8.0,""
"250190160","LGOTA GÓRNA","2020","06","06",17.2,"",.0,"8",.0,"8",3.7,""
"250190160","LGOTA GÓRNA","2020","06","07",18.9,"",.0,"8",.0,"8",7.7,""
"250190160","LGOTA GÓRNA","2020","06","08",14.9,"",.0,"8",.0,"8",8.0,""
"250190160","LGOTA GÓRNA","2020","06","09",12.2,"",.0,"8",.0,"8",8.0,""
"250190160","LGOTA GÓRNA","2020","06","10",14.9,"",.0,"8",.0,"8",8.0,""
"250190160","LGOTA GÓRNA","2020","06","11",17.8,"",.0,"8",.0,"8",7.3,""
"250190160","LGOTA GÓRNA","2020","06","12",18.8,"",.0,"8",.0,"8",6.3,""
"250190160","LGOTA GÓRNA","2020","06","13",21.5,"",.0,"8",.0,"8",3.3,""
"250190160","LGOTA GÓRNA","2020","06","14",17.8,"",.0,"8",.0,"8",5.3,""
"250190160","LGOTA GÓRNA","2020","06","15",15.8,"",.0,"8",.0,"8",5.3,""
"250190160","LGOTA GÓRNA","2020","06","16",15.4,"",.0,"8",.0,"8",8.0,""
"250190160","LGOTA GÓRNA","2020","06","17",17.8,"",.0,"8",.0,"8",7.7,""
"250190160","LGOTA GÓRNA","2020","06","18",17.6,"",.0,"8",.0,"8",7.7,""
"250190160","LGOTA GÓRNA","2020","06","19",17.3,"",.0,"8",.0,"8",8.0,""
"250190160","LGOTA GÓRNA","2020","06","20",16.8,"",.0,"8",.0,"8",8.0,""
"250190160","LGOTA GÓRNA","2020","06","21",17.4,"",.0,"8",.0,"8",7.7,""
"250190160","LGOTA GÓRNA","2020","06","22",16.7,"",.0,"8",.0,"8",8.0,""
"250190160","LGOTA GÓRNA","2020","06","23",16.1,"",.0,"8",.0,"8",7.0,""
"250190160","LGOTA GÓRNA","2020","06","24",13.3,"",.0,"8",.0,"8",7.7,""
"250190160","LGOTA GÓRNA","2020","06","25",18.6,"",.0,"8",.0,"8",4.0,""
"250190160","LGOTA GÓRNA","2020","06","26",19.8,"",.0,"8",.0,"8",7.3,""
"250190160","LGOTA GÓRNA","2020","06","27",20.1,"",.0,"8",.0,"8",5.0,""
"250190160","LGOTA GÓRNA","2020","06","28",22.4,"",.0,"8",.0,"8",3.3,""
"250190160","LGOTA GÓRNA","2020","06","29",18.7,"",.0,"8",.0,"8",8.0,""
"250190160","LGOTA GÓRNA","2020","06","30",18.2,"",.0,"8",.0,"8",2.7,""
"250190390","KRAKÓW-OBSERWATORIUM","2020","06","01",14.8,"",66.5,"",1.7,"",4.7,""
"250190390","KRAKÓW-OBSERWATORIUM","2020","06","02",13.9,"",66.0,"",2.0,"",4.0,""
"250190390","KRAKÓW-OBSERWATORIUM","2020","06","03",14.2,"",58.0,"",2.0,"",3.3,""
"250190390","KRAKÓW-OBSERWATORIUM","2020","06","04",16.2,"",61.3,"",1.0,"",6.7,""
"250190390","KRAKÓW-OBSERWATORIUM","2020","06","05",17.0,"",69.5,"",1.7,"",7.0,""
"250190390","KRAKÓW-OBSERWATORIUM","2020","06","06",19.3,"",54.8,"",1.3,"",2.3,""
"250190390","KRAKÓW-OBSERWATORIUM","2020","06","07",19.2,"",74.8,"",1.7,"",7.3,""
"250190390","KRAKÓW-OBSERWATORIUM","2020","06","08",16.0,"",87.5,"",2.0,"",8.0,""
"250190390","KRAKÓW-OBSERWATORIUM","2020","06","09",15.0,"",79.0,"",1.3,"",8.0,""
"250190390","KRAKÓW-OBSERWATORIUM","2020","06","10",17.1,"",84.5,"",1.3,"",8.0,""
"250190390","KRAKÓW-OBSERWATORIUM","2020","06","11",18.7,"",80.8,"",.7,"",7.0,""
"250190390","KRAKÓW-OBSERWATORIUM","2020","06","12",21.7,"",79.5,"",1.0,"",5.0,""
"250190390","KRAKÓW-OBSERWATORIUM","2020","06","13",24.1,"",62.5,"",2.0,"",1.7,""
"250190390","KRAKÓW-OBSERWATORIUM","2020","06","14",19.9,"",81.3,"",2.3,"",8.0,""
"250190390","KRAKÓW-OBSERWATORIUM","2020","06","15",17.9,"",68.5,"",1.7,"",6.7,""
"250190390","KRAKÓW-OBSERWATORIUM","2020","06","16",17.0,"",82.5,"",1.7,"",8.0,""
"250190390","KRAKÓW-OBSERWATORIUM","2020","06","17",19.3,"",84.0,"",.7,"",7.3,""
"250190390","KRAKÓW-OBSERWATORIUM","2020","06","18",20.1,"",78.8,"",1.7,"",7.0,""
"250190390","KRAKÓW-OBSERWATORIUM","2020","06","19",19.1,"",83.5,"",2.0,"",7.7,""
"250190390","KRAKÓW-OBSERWATORIUM","2020","06","20",18.2,"",88.5,"",1.7,"",7.7,""
"250190390","KRAKÓW-OBSERWATORIUM","2020","06","21",18.3,"",91.5,"",2.3,"",7.0,""
"250190390","KRAKÓW-OBSERWATORIUM","2020","06","22",18.2,"",90.8,"",1.7,"",8.0,""
"250190390","KRAKÓW-OBSERWATORIUM","2020","06","23",19.2,"",61.8,"",2.3,"",4.0,""
"250190390","KRAKÓW-OBSERWATORIUM","2020","06","24",16.8,"",78.3,"",2.3,"",6.7,""
"250190390","KRAKÓW-OBSERWATORIUM","2020","06","25",19.5,"",75.3,"",2.0,"",5.3,""
"250190390","KRAKÓW-OBSERWATORIUM","2020","06","26",21.2,"",83.0,"",1.7,"",7.3,""
"250190390","KRAKÓW-OBSERWATORIUM","2020","06","27",22.4,"",72.3,"",1.7,"",4.7,""
"250190390","KRAKÓW-OBSERWATORIUM","2020","06","28",24.0,"",65.8,"",1.7,"",2.3,""
"250190390","KRAKÓW-OBSERWATORIUM","2020","06","29",21.5,"",76.5,"",2.3,"",5.7,""
"250190390","KRAKÓW-OBSERWATORIUM","2020","06","30",20.9,"",56.5,"",3.0,"",1.0,""
"250200230","BORUSOWA","2020","06","01",14.1,"",.0,"8",2.0,"",3.7,""
"250200230","BORUSOWA","2020","06","02",13.4,"",.0,"8",3.0,"",5.0,""
"250200230","BORUSOWA","2020","06","03",12.1,"",.0,"8",.0,"",5.0,""
"250200230","BORUSOWA","2020","06","04",14.8,"",.0,"8",2.0,"",2.0,""
"250200230","BORUSOWA","2020","06","05",18.0,"",.0,"8",5.0,"",6.7,""
"250200230","BORUSOWA","2020","06","06",19.1,"",.0,"8",2.7,"",3.0,""
"250200230","BORUSOWA","2020","06","07",19.0,"",.0,"8",2.0,"",4.7,""
"250200230","BORUSOWA","2020","06","08",17.1,"",.0,"8",2.7,"",6.7,""
"250200230","BORUSOWA","2020","06","09",15.5,"",.0,"8",2.0,"",6.7,""
"250200230","BORUSOWA","2020","06","10",17.4,"",.0,"8",.3,"",7.0,""
"250200230","BORUSOWA","2020","06","11",18.3,"",.0,"8",1.0,"",7.0,""
"250200230","BORUSOWA","2020","06","12",21.4,"",.0,"8",.7,"",2.3,""
"250200230","BORUSOWA","2020","06","13",24.2,"",.0,"8",1.3,"",2.3,""
"250200230","BORUSOWA","2020","06","14",19.5,"",.0,"8",1.0,"",7.7,""
"250200230","BORUSOWA","2020","06","15",17.0,"",.0,"8",.7,"",6.3,""
"250200230","BORUSOWA","2020","06","16",17.1,"",.0,"8",2.3,"",8.0,""
"250200230","BORUSOWA","2020","06","17",19.1,"",.0,"8",1.0,"",6.3,""
"250200230","BORUSOWA","2020","06","18",19.3,"",.0,"8",.7,"",5.7,""
"250200230","BORUSOWA","2020","06","19",19.0,"",.0,"8",2.0,"",7.3,""
"250200230","BORUSOWA","2020","06","20",19.6,"",.0,"8",1.7,"",6.7,""
"250200230","BORUSOWA","2020","06","21",19.6,"",.0,"8",3.0,"",7.7,""
"250200230","BORUSOWA","2020","06","22",18.9,"",.0,"8",3.7,"",8.0,""
"250200230","BORUSOWA","2020","06","23",18.7,"",.0,"8",4.0,"",2.3,""
"250200230","BORUSOWA","2020","06","24",16.9,"",.0,"8",2.3,"",7.7,""
"250200230","BORUSOWA","2020","06","25",18.9,"",.0,"8",1.7,"",4.7,""
"250200230","BORUSOWA","2020","06","26",20.7,"",.0,"8",3.7,"",4.0,""
"250200230","BORUSOWA","2020","06","27",21.2,"",.0,"8",2.3,"",4.0,""
"250200230","BORUSOWA","2020","06","28",23.7,"",.0,"8",2.7,"",1.3,""
"250200230","BORUSOWA","2020","06","29",21.3,"",.0,"8",1.0,"",4.0,""
"250200230","BORUSOWA","2020","06","30",19.7,"",.0,"8",3.0,"",2.7,""
"250210050","ŒWIÊTY KRZY¯","2020","06","01",11.6,"",60.8,"",7.7,"",2.0,""
"250210050","ŒWIÊTY KRZY¯","2020","06","02",10.4,"",75.8,"",5.0,"",4.0,""
"250210050","ŒWIÊTY KRZY¯","2020","06","03",8.9,"",83.3,"",2.7,"",5.3,""
"250210050","ŒWIÊTY KRZY¯","2020","06","04",12.8,"",64.5,"",1.7,"",3.3,""
"250210050","ŒWIÊTY KRZY¯","2020","06","05",14.0,"",89.3,"",3.3,"",8.0,""
"250210050","ŒWIÊTY KRZY¯","2020","06","06",15.7,"",78.3,"",3.3,"",6.0,""
"250210050","ŒWIÊTY KRZY¯","2020","06","07",17.0,"",87.5,"",3.7,"",6.0,""
"250210050","ŒWIÊTY KRZY¯","2020","06","08",15.2,"",89.5,"",3.3,"",8.0,""
"250210050","ŒWIÊTY KRZY¯","2020","06","09",12.3,"",98.8,"",2.7,"",8.0,""
"250210050","ŒWIÊTY KRZY¯","2020","06","10",14.3,"",98.5,"",3.3,"",8.0,""
"250210050","ŒWIÊTY KRZY¯","2020","06","11",16.2,"",90.8,"",2.3,"",6.7,""
"250210050","ŒWIÊTY KRZY¯","2020","06","12",19.0,"",79.8,"",2.7,"",3.7,""
"250210050","ŒWIÊTY KRZY¯","2020","06","13",21.3,"",80.8,"",2.7,"",3.7,""
"250210050","ŒWIÊTY KRZY¯","2020","06","14",15.2,"",93.8,"",2.0,"",6.7,""
"250210050","ŒWIÊTY KRZY¯","2020","06","15",14.6,"",81.0,"",1.7,"",5.0,""
"250210050","ŒWIÊTY KRZY¯","2020","06","16",15.8,"",82.5,"",4.3,"",7.3,""
"250210050","ŒWIÊTY KRZY¯","2020","06","17",17.1,"",91.0,"",3.3,"",8.0,""
"250210050","ŒWIÊTY KRZY¯","2020","06","18",19.0,"",84.5,"",1.7,"",6.0,""
"250210050","ŒWIÊTY KRZY¯","2020","06","19",18.0,"",83.0,"",2.0,"",4.3,""
"250210050","ŒWIÊTY KRZY¯","2020","06","20",17.3,"",93.0,"",2.0,"",7.7,""
"250210050","ŒWIÊTY KRZY¯","2020","06","21",17.0,"",93.3,"",4.3,"",7.3,""
"250210050","ŒWIÊTY KRZY¯","2020","06","22",16.4,"",99.0,"",5.0,"",8.0,""
"250210050","ŒWIÊTY KRZY¯","2020","06","23",14.7,"",86.3,"",5.0,"",4.7,""
"250210050","ŒWIÊTY KRZY¯","2020","06","24",13.9,"",99.0,"",5.0,"",8.0,""
"250210050","ŒWIÊTY KRZY¯","2020","06","25",17.3,"",85.3,"",3.3,"",5.0,""
"250210050","ŒWIÊTY KRZY¯","2020","06","26",17.5,"",92.3,"",4.3,"",4.7,""
"250210050","ŒWIÊTY KRZY¯","2020","06","27",18.4,"",83.0,"",2.3,"",4.0,""
"250210050","ŒWIÊTY KRZY¯","2020","06","28",21.4,"",70.0,"",4.0,"",.0,""
"250210050","ŒWIÊTY KRZY¯","2020","06","29",18.9,"",71.0,"",2.7,"",5.3,""
"250210050","ŒWIÊTY KRZY¯","2020","06","30",16.3,"",74.0,"",4.0,"",4.0,""
"250210130","STASZÓW","2020","06","01",13.5,"",.0,"8",4.7,"",2.0,""
"250210130","STASZÓW","2020","06","02",12.9,"",.0,"8",2.7,"",5.0,""
"250210130","STASZÓW","2020","06","03",10.8,"",.0,"8",.7,"",6.0,""
"250210130","STASZÓW","2020","06","04",13.6,"",.0,"8",1.3,"",3.7,""
"250210130","STASZÓW","2020","06","05",17.7,"",.0,"8",3.3,"",6.7,""
"250210130","STASZÓW","2020","06","06",18.5,"",.0,"8",3.0,"",.7,""
"250210130","STASZÓW","2020","06","07",19.4,"",.0,"8",1.7,"",5.7,""
"250210130","STASZÓW","2020","06","08",17.7,"",.0,"8",2.0,"",7.7,""
"250210130","STASZÓW","2020","06","09",15.5,"",.0,"8",1.7,"",7.7,""
"250210130","STASZÓW","2020","06","10",17.4,"",.0,"8",1.0,"",8.0,""
"250210130","STASZÓW","2020","06","11",17.8,"",.0,"8",2.0,"",6.3,""
"250210130","STASZÓW","2020","06","12",21.4,"",.0,"8",1.3,"",2.7,""
"250210130","STASZÓW","2020","06","13",24.1,"",.0,"8",3.7,"",2.3,""
"250210130","STASZÓW","2020","06","14",18.9,"",.0,"8",3.0,"",7.7,""
"250210130","STASZÓW","2020","06","15",16.3,"",.0,"8",2.3,"",7.0,""
"250210130","STASZÓW","2020","06","16",18.5,"",.0,"8",3.0,"",7.0,""
"250210130","STASZÓW","2020","06","17",20.1,"",.0,"8",2.3,"",7.0,""
"250210130","STASZÓW","2020","06","18",19.2,"",.0,"8",1.7,"",8.0,""
"250210130","STASZÓW","2020","06","19",18.4,"",.0,"8",1.3,"",6.7,""
"250210130","STASZÓW","2020","06","20",19.4,"",.0,"8",1.0,"",7.0,""
"250210130","STASZÓW","2020","06","21",19.7,"",.0,"8",2.0,"",7.3,""
"250210130","STASZÓW","2020","06","22",19.1,"",.0,"8",2.3,"",7.7,""
"250210130","STASZÓW","2020","06","23",18.1,"",.0,"8",3.3,"",5.3,""
"250210130","STASZÓW","2020","06","24",17.2,"",.0,"8",2.0,"",8.0,""
"250210130","STASZÓW","2020","06","25",20.5,"",.0,"8",3.3,"",5.0,""
"250210130","STASZÓW","2020","06","26",20.3,"",.0,"8",3.3,"",5.0,""
"250210130","STASZÓW","2020","06","27",20.3,"",.0,"8",2.0,"",6.3,""
"250210130","STASZÓW","2020","06","28",23.1,"",.0,"8",3.0,"",2.0,""
"250210130","STASZÓW","2020","06","29",21.0,"",.0,"8",1.3,"",6.0,""
"250210130","STASZÓW","2020","06","30",19.5,"",.0,"8",2.7,"",4.7,""
"250210180","CHORZELÓW","2020","06","01",14.1,"",61.3,"",3.7,"",2.7,""
"250210180","CHORZELÓW","2020","06","02",13.4,"",58.8,"",3.7,"",4.3,""
"250210180","CHORZELÓW","2020","06","03",11.4,"",84.8,"",.7,"",7.3,""
"250210180","CHORZELÓW","2020","06","04",14.0,"",65.8,"",2.0,"",1.3,""
"250210180","CHORZELÓW","2020","06","05",18.4,"",72.3,"",2.7,"",6.7,""
"250210180","CHORZELÓW","2020","06","06",19.5,"",60.0,"",2.3,"",.0,""
"250210180","CHORZELÓW","2020","06","07",20.0,"",74.3,"",1.3,"",3.3,""
"250210180","CHORZELÓW","2020","06","08",18.2,"",81.0,"",1.7,"",5.7,""
"250210180","CHORZELÓW","2020","06","09",15.3,"",89.5,"",2.0,"",8.0,""
"250210180","CHORZELÓW","2020","06","10",17.3,"",86.5,"",.7,"",8.0,""
"250210180","CHORZELÓW","2020","06","11",17.7,"",87.3,"",1.3,"",5.3,""
"250210180","CHORZELÓW","2020","06","12",20.7,"",83.5,"",2.0,"",2.3,""
"250210180","CHORZELÓW","2020","06","13",23.4,"",72.8,"",3.3,"",.7,""
"250210180","CHORZELÓW","2020","06","14",19.2,"",83.3,"",2.0,"",8.0,""
"250210180","CHORZELÓW","2020","06","15",16.1,"",83.0,"",2.0,"",8.0,""
"250210180","CHORZELÓW","2020","06","16",18.2,"",85.0,"",2.0,"",7.3,""
"250210180","CHORZELÓW","2020","06","17",19.7,"",86.5,"",2.0,"",6.0,""
"250210180","CHORZELÓW","2020","06","18",19.6,"",89.3,"",1.0,"",5.7,""
"250210180","CHORZELÓW","2020","06","19",18.7,"",89.0,"",.7,"",6.0,""
"250210180","CHORZELÓW","2020","06","20",20.3,"",89.0,"",1.3,"",7.3,""
"250210180","CHORZELÓW","2020","06","21",19.9,"",84.3,"",3.0,"",7.3,""
"250210180","CHORZELÓW","2020","06","22",19.2,"",93.0,"",2.3,"",8.0,""
"250210180","CHORZELÓW","2020","06","23",18.0,"",82.8,"",3.0,"",6.3,""
"250210180","CHORZELÓW","2020","06","24",17.1,"",82.8,"",2.0,"",7.7,""
"250210180","CHORZELÓW","2020","06","25",19.4,"",86.0,"",2.7,"",3.7,""
"250210180","CHORZELÓW","2020","06","26",21.4,"",71.0,"",2.0,"",3.3,""
"250210180","CHORZELÓW","2020","06","27",21.7,"",76.0,"",1.7,"",3.7,""
"250210180","CHORZELÓW","2020","06","28",23.4,"",69.0,"",2.0,"",.3,""
"250210180","CHORZELÓW","2020","06","29",21.5,"",76.0,"",1.7,"",3.0,""
"250210180","CHORZELÓW","2020","06","30",20.3,"",61.5,"",2.0,"",1.3,""
"250210240","ZAWADA","2020","06","01",13.8,"",.0,"8",3.7,"",6.3,""
"250210240","ZAWADA","2020","06","02",12.7,"",.0,"8",3.7,"",6.3,""
"250210240","ZAWADA","2020","06","03",11.4,"",.0,"8",1.3,"",5.7,""
"250210240","ZAWADA","2020","06","04",14.3,"",.0,"8",3.3,"",5.0,""
"250210240","ZAWADA","2020","06","05",18.5,"",.0,"8",5.0,"",7.0,""
"250210240","ZAWADA","2020","06","06",19.2,"",.0,"8",2.3,"",5.7,""
"250210240","ZAWADA","2020","06","07",21.5,"",.0,"8",2.3,"",5.3,""
"250210240","ZAWADA","2020","06","08",19.1,"",.0,"8",4.0,"",6.3,""
"250210240","ZAWADA","2020","06","09",15.6,"",.0,"8",2.0,"",5.7,""
"250210240","ZAWADA","2020","06","10",17.2,"",.0,"8",1.0,"",5.3,""
"250210240","ZAWADA","2020","06","11",18.6,"",.0,"8",1.7,"",6.3,""
"250210240","ZAWADA","2020","06","12",21.0,"",.0,"8",.7,"",4.3,""
"250210240","ZAWADA","2020","06","13",23.5,"",.0,"8",2.7,"",4.7,""
"250210240","ZAWADA","2020","06","14",18.8,"",.0,"8",2.7,"",5.0,""
"250210240","ZAWADA","2020","06","15",16.3,"",.0,"8",1.3,"",6.3,""
"250210240","ZAWADA","2020","06","16",16.9,"",.0,"8",2.3,"",7.3,""
"250210240","ZAWADA","2020","06","17",19.1,"",.0,"8",1.7,"",5.3,""
"250210240","ZAWADA","2020","06","18",19.2,"",.0,"8",1.3,"",7.3,""
"250210240","ZAWADA","2020","06","19",18.9,"",.0,"8",.7,"",6.0,""
"250210240","ZAWADA","2020","06","20",19.5,"",.0,"8",1.7,"",7.3,""
"250210240","ZAWADA","2020","06","21",19.1,"",.0,"8",2.7,"",7.0,""
"250210240","ZAWADA","2020","06","22",18.9,"",.0,"8",3.0,"",5.7,""
"250210240","ZAWADA","2020","06","23",18.0,"",.0,"8",2.0,"",6.0,""
"250210240","ZAWADA","2020","06","24",17.2,"",.0,"8",2.7,"",6.3,""
"250210240","ZAWADA","2020","06","25",20.0,"",.0,"8",1.3,"",5.7,""
"250210240","ZAWADA","2020","06","26",21.2,"",.0,"8",3.0,"",6.7,""
"250210240","ZAWADA","2020","06","27",22.1,"",.0,"8",2.3,"",6.3,""
"250210240","ZAWADA","2020","06","28",22.6,"",.0,"8",2.7,"",6.0,""
"250210240","ZAWADA","2020","06","29",22.1,"",.0,"8",3.3,"",5.7,""
"250210240","ZAWADA","2020","06","30",20.5,"",.0,"8",2.3,"",5.3,""
"250220120","JAROCIN","2020","06","01",13.9,"",.0,"8",3.0,"",1.7,""
"250220120","JAROCIN","2020","06","02",10.8,"",.0,"8",3.7,"",5.7,""
"250220120","JAROCIN","2020","06","03",11.5,"",.0,"8",1.3,"",5.7,""
"250220120","JAROCIN","2020","06","04",12.9,"",.0,"8",1.3,"",2.3,""
"250220120","JAROCIN","2020","06","05",17.9,"",.0,"8",4.3,"",6.3,""
"250220120","JAROCIN","2020","06","06",19.8,"",.0,"8",2.3,"",1.3,""
"250220120","JAROCIN","2020","06","07",21.2,"",.0,"8",1.0,"",5.7,""
"250220120","JAROCIN","2020","06","08",18.9,"",.0,"8",1.0,"",6.3,""
"250220120","JAROCIN","2020","06","09",15.5,"",.0,"8",2.3,"",8.0,""
"250220120","JAROCIN","2020","06","10",18.4,"",.0,"8",.3,"",8.0,""
"250220120","JAROCIN","2020","06","11",18.9,"",.0,"8",1.0,"",6.3,""
"250220120","JAROCIN","2020","06","12",22.4,"",.0,"8",1.0,"",2.3,""
"250220120","JAROCIN","2020","06","13",24.2,"",.0,"8",2.7,"",2.3,""
"250220120","JAROCIN","2020","06","14",18.3,"",.0,"8",2.7,"",8.0,""
"250220120","JAROCIN","2020","06","15",16.5,"",.0,"8",1.3,"",8.0,""
"250220120","JAROCIN","2020","06","16",18.9,"",.0,"8",2.0,"",4.7,""
"250220120","JAROCIN","2020","06","17",19.7,"",.0,"8",1.0,"",7.0,""
"250220120","JAROCIN","2020","06","18",20.6,"",.0,"8",1.7,"",3.3,""
"250220120","JAROCIN","2020","06","19",18.8,"",.0,"8",1.0,"",6.3,""
"250220120","JAROCIN","2020","06","20",19.6,"",.0,"8",1.0,"",5.0,""
"250220120","JAROCIN","2020","06","21",19.3,"",.0,"8",2.3,"",6.3,""
"250220120","JAROCIN","2020","06","22",20.2,"",.0,"8",2.3,"",6.3,""
"250220120","JAROCIN","2020","06","23",17.0,"",.0,"8",4.0,"",8.0,""
"250220120","JAROCIN","2020","06","24",17.3,"",.0,"8",1.7,"",8.0,""
"250220120","JAROCIN","2020","06","25",19.6,"",.0,"8",1.3,"",3.3,""
"250220120","JAROCIN","2020","06","26",20.6,"",.0,"8",2.7,"",4.0,""
"250220120","JAROCIN","2020","06","27",21.4,"",.0,"8",2.7,"",4.7,""
"250220120","JAROCIN","2020","06","28",22.7,"",.0,"8",2.0,"",1.7,""
"250220120","JAROCIN","2020","06","29",21.7,"",.0,"8",2.0,"",4.0,""
"250220120","JAROCIN","2020","06","30",20.0,"",.0,"8",2.7,"",4.0,""
"250230160","CIESZANÓW","2020","06","01",12.9,"",68.3,"",3.0,"",6.3,""
"250230160","CIESZANÓW","2020","06","02",9.4,"",84.0,"",3.0,"",7.7,""
"250230160","CIESZANÓW","2020","06","03",11.1,"",83.0,"",3.0,"",6.7,""
"250230160","CIESZANÓW","2020","06","04",12.3,"",81.3,"",2.3,"",6.0,""
"250230160","CIESZANÓW","2020","06","05",17.2,"",73.5,"",4.3,"",7.3,""
"250230160","CIESZANÓW","2020","06","06",20.1,"",65.3,"",2.7,"",6.0,""
"250230160","CIESZANÓW","2020","06","07",20.6,"",77.5,"",1.3,"",7.0,""
"250230160","CIESZANÓW","2020","06","08",18.9,"",80.8,"",1.0,"",6.7,""
"250230160","CIESZANÓW","2020","06","09",15.5,"",94.0,"",2.3,"",7.7,""
"250230160","CIESZANÓW","2020","06","10",17.7,"",90.8,"",1.0,"",7.7,""
"250230160","CIESZANÓW","2020","06","11",18.2,"",86.8,"",1.7,"",7.3,""
"250230160","CIESZANÓW","2020","06","12",21.4,"",79.5,"",1.7,"",6.0,""
"250230160","CIESZANÓW","2020","06","13",24.0,"",69.0,"",2.3,"",4.3,""
"250230160","CIESZANÓW","2020","06","14",18.5,"",87.8,"",2.3,"",8.0,""
"250230160","CIESZANÓW","2020","06","15",17.2,"",84.3,"",1.7,"",8.0,""
"250230160","CIESZANÓW","2020","06","16",19.4,"",79.3,"",1.7,"",6.3,""
"250230160","CIESZANÓW","2020","06","17",20.6,"",78.8,"",2.0,"",5.7,""
"250230160","CIESZANÓW","2020","06","18",19.7,"",82.8,"",1.7,"",6.7,""
"250230160","CIESZANÓW","2020","06","19",18.4,"",86.0,"",1.7,"",6.7,""
"250230160","CIESZANÓW","2020","06","20",18.9,"",89.0,"",1.0,"",7.7,""
"250230160","CIESZANÓW","2020","06","21",19.4,"",85.3,"",3.0,"",7.3,""
"250230160","CIESZANÓW","2020","06","22",20.2,"",85.8,"",2.3,"",7.3,""
"250230160","CIESZANÓW","2020","06","23",17.6,"",94.5,"",3.3,"",7.7,""
"250230160","CIESZANÓW","2020","06","24",16.9,"",91.0,"",2.7,"",7.7,""
"250230160","CIESZANÓW","2020","06","25",20.4,"",77.5,"",2.7,"",6.7,""
"250230160","CIESZANÓW","2020","06","26",20.6,"",70.5,"",3.3,"",6.0,""
"250230160","CIESZANÓW","2020","06","27",21.1,"",77.0,"",4.0,"",6.3,""
"250230160","CIESZANÓW","2020","06","28",21.2,"",73.3,"",2.7,"",6.0,""
"250230160","CIESZANÓW","2020","06","29",21.4,"",78.0,"",2.3,"",5.7,""
"250230160","CIESZANÓW","2020","06","30",19.7,"",71.5,"",3.3,"",5.0,""
"250240010","STRZY¯ÓW","2020","06","01",13.4,"",.0,"8",.0,"8",2.0,""
"250240010","STRZY¯ÓW","2020","06","02",10.0,"",.0,"8",.0,"8",6.0,""
"250240010","STRZY¯ÓW","2020","06","03",11.3,"",.0,"8",.0,"8",4.3,""
"250240010","STRZY¯ÓW","2020","06","04",13.5,"",.0,"8",.0,"8",2.0,""
"250240010","STRZY¯ÓW","2020","06","05",17.6,"",.0,"8",.0,"8",5.0,""
"250240010","STRZY¯ÓW","2020","06","06",20.1,"",.0,"8",.0,"8",4.0,""
"250240010","STRZY¯ÓW","2020","06","07",21.5,"",.0,"8",.0,"8",1.7,""
"250240010","STRZY¯ÓW","2020","06","08",20.1,"",.0,"8",.0,"8",3.7,""
"250240010","STRZY¯ÓW","2020","06","09",18.4,"",.0,"8",.0,"8",5.0,""
"250240010","STRZY¯ÓW","2020","06","10",19.3,"",.0,"8",.0,"8",6.3,""
"250240010","STRZY¯ÓW","2020","06","11",19.1,"",.0,"8",.0,"8",3.3,""
"250240010","STRZY¯ÓW","2020","06","12",22.1,"",.0,"8",.0,"8",1.0,""
"250240010","STRZY¯ÓW","2020","06","13",23.3,"",.0,"8",.0,"8",1.7,""
"250240010","STRZY¯ÓW","2020","06","14",17.8,"",.0,"8",.0,"8",4.0,""
"250240010","STRZY¯ÓW","2020","06","15",18.3,"",.0,"8",.0,"8",3.3,""
"250240010","STRZY¯ÓW","2020","06","16",20.0,"",.0,"8",.0,"8",4.0,""
"250240010","STRZY¯ÓW","2020","06","17",21.0,"",.0,"8",.0,"8",2.0,""
"250240010","STRZY¯ÓW","2020","06","18",21.1,"",.0,"8",.0,"8",2.0,""
"250240010","STRZY¯ÓW","2020","06","19",20.2,"",.0,"8",.0,"8",3.3,""
"250240010","STRZY¯ÓW","2020","06","20",19.5,"",.0,"8",.0,"8",6.0,""
"250240010","STRZY¯ÓW","2020","06","21",21.2,"",.0,"8",.0,"8",6.0,""
"250240010","STRZY¯ÓW","2020","06","22",20.8,"",.0,"8",.0,"8",5.0,""
"250240010","STRZY¯ÓW","2020","06","23",18.7,"",.0,"8",.0,"8",7.7,""
"250240010","STRZY¯ÓW","2020","06","24",19.5,"",.0,"8",.0,"8",6.7,""
"250240010","STRZY¯ÓW","2020","06","25",21.3,"",.0,"8",.0,"8",1.7,""
"250240010","STRZY¯ÓW","2020","06","26",21.2,"",.0,"8",.0,"8",2.0,""
"250240010","STRZY¯ÓW","2020","06","27",20.8,"",.0,"8",.0,"8",3.0,""
"250240010","STRZY¯ÓW","2020","06","28",22.8,"",.0,"8",.0,"8",1.0,""
"250240010","STRZY¯ÓW","2020","06","29",22.9,"",.0,"8",.0,"8",3.7,""
"250240010","STRZY¯ÓW","2020","06","30",20.1,"",.0,"8",.0,"8",3.7,""
"251150060","CEBER","2020","06","01",15.8,"",.0,"8",.0,"8",.0,""
"251150060","CEBER","2020","06","02",14.5,"",.0,"8",.0,"8",7.0,""
"251150060","CEBER","2020","06","03",14.1,"",.0,"8",.0,"8",1.0,""
"251150060","CEBER","2020","06","04",15.5,"",.0,"8",.0,"8",5.0,""
"251150060","CEBER","2020","06","05",15.4,"",.0,"8",.0,"8",8.0,""
"251150060","CEBER","2020","06","06",14.4,"",.0,"8",.0,"8",5.7,""
"251150060","CEBER","2020","06","07",15.4,"",.0,"8",.0,"8",7.7,""
"251150060","CEBER","2020","06","08",14.9,"",.0,"8",.0,"8",6.0,""
"251150060","CEBER","2020","06","09",15.2,"",.0,"8",.0,"8",6.7,""
"251150060","CEBER","2020","06","10",15.8,"",.0,"8",.0,"8",4.0,""
"251150060","CEBER","2020","06","11",19.1,"",.0,"8",.0,"8",7.3,""
"251150060","CEBER","2020","06","12",22.5,"",.0,"8",.0,"8",4.3,""
"251150060","CEBER","2020","06","13",23.7,"",.0,"8",.0,"8",3.7,""
"251150060","CEBER","2020","06","14",20.6,"",.0,"8",.0,"8",4.7,""
"251150060","CEBER","2020","06","15",17.4,"",.0,"8",.0,"8",3.3,""
"251150060","CEBER","2020","06","16",18.0,"",.0,"8",.0,"8",3.7,""
"251150060","CEBER","2020","06","17",20.5,"",.0,"8",.0,"8",2.0,""
"251150060","CEBER","2020","06","18",20.7,"",.0,"8",.0,"8",7.3,""
"251150060","CEBER","2020","06","19",19.0,"",.0,"8",.0,"8",8.0,""
"251150060","CEBER","2020","06","20",16.4,"",.0,"8",.0,"8",8.0,""
"251150060","CEBER","2020","06","21",15.9,"",.0,"8",.0,"8",8.0,""
"251150060","CEBER","2020","06","22",20.4,"",.0,"8",.0,"8",4.3,""
"251150060","CEBER","2020","06","23",17.5,"",.0,"8",.0,"8",4.0,""
"251150060","CEBER","2020","06","24",15.3,"",.0,"8",.0,"8",7.7,""
"251150060","CEBER","2020","06","25",20.6,"",.0,"8",.0,"8",4.0,""
"251150060","CEBER","2020","06","26",20.9,"",.0,"8",.0,"8",4.0,""
"251150060","CEBER","2020","06","27",21.0,"",.0,"8",.0,"8",3.3,""
"251150060","CEBER","2020","06","28",24.1,"",.0,"8",.0,"8",3.0,""
"251150060","CEBER","2020","06","29",19.2,"",.0,"8",.0,"8",6.3,""
"251150060","CEBER","2020","06","30",18.4,"",.0,"8",.0,"8",2.0,""
"251160320","RADZYÑ","2020","06","01",16.3,"",50.8,"",4.7,"",.7,""
"251160320","RADZYÑ","2020","06","02",15.0,"",79.0,"",1.0,"",6.3,""
"251160320","RADZYÑ","2020","06","03",14.5,"",59.3,"",1.7,"",2.0,""
"251160320","RADZYÑ","2020","06","04",16.1,"",52.5,"",2.7,"",6.7,""
"251160320","RADZYÑ","2020","06","05",15.8,"",84.5,"",1.7,"",8.0,""
"251160320","RADZYÑ","2020","06","06",14.4,"",63.3,"",2.7,"",6.0,""
"251160320","RADZYÑ","2020","06","07",15.5,"",78.0,"",1.0,"",7.7,""
"251160320","RADZYÑ","2020","06","08",15.2,"",76.8,"",1.0,"",7.7,""
"251160320","RADZYÑ","2020","06","09",15.8,"",70.3,"",1.7,"",4.0,""
"251160320","RADZYÑ","2020","06","10",15.9,"",66.3,"",4.3,"",4.0,""
"251160320","RADZYÑ","2020","06","11",19.9,"",79.8,"",2.0,"",7.0,""
"251160320","RADZYÑ","2020","06","12",22.2,"",72.8,"",3.0,"",5.3,""
"251160320","RADZYÑ","2020","06","13",24.2,"",75.0,"",2.7,"",4.7,""
"251160320","RADZYÑ","2020","06","14",20.9,"",65.0,"",5.7,"",5.0,""
"251160320","RADZYÑ","2020","06","15",18.8,"",60.3,"",3.3,"",3.3,""
"251160320","RADZYÑ","2020","06","16",19.0,"",56.5,"",1.0,"",6.3,""
"251160320","RADZYÑ","2020","06","17",21.4,"",50.5,"",3.0,"",4.0,""
"251160320","RADZYÑ","2020","06","18",21.2,"",83.8,"",3.0,"",7.7,""
"251160320","RADZYÑ","2020","06","19",18.8,"",84.3,"",2.0,"",7.7,""
"251160320","RADZYÑ","2020","06","20",16.7,"",88.3,"",3.3,"",8.0,""
"251160320","RADZYÑ","2020","06","21",16.1,"",95.5,"",2.3,"",8.0,""
"251160320","RADZYÑ","2020","06","22",20.6,"",64.5,"",3.3,"",4.7,""
"251160320","RADZYÑ","2020","06","23",17.9,"",69.0,"",1.3,"",4.0,""
"251160320","RADZYÑ","2020","06","24",16.0,"",84.3,"",2.0,"",7.7,""
"251160320","RADZYÑ","2020","06","25",20.8,"",74.0,"",3.0,"",5.3,""
"251160320","RADZYÑ","2020","06","26",21.3,"",81.5,"",2.7,"",7.0,""
"251160320","RADZYÑ","2020","06","27",21.9,"",69.3,"",2.0,"",6.7,""
"251160320","RADZYÑ","2020","06","28",24.2,"",65.3,"",1.7,"",6.7,""
"251160320","RADZYÑ","2020","06","29",19.0,"",89.8,"",1.0,"",6.7,""
"251160320","RADZYÑ","2020","06","30",19.1,"",53.8,"",2.7,"",2.7,""
"251170090","SMOLICE","2020","06","01",15.9,"",.0,"8",.0,"8",.3,""
"251170090","SMOLICE","2020","06","02",15.3,"",.0,"8",.0,"8",5.3,""
"251170090","SMOLICE","2020","06","03",14.8,"",.0,"8",.0,"8",2.7,""
"251170090","SMOLICE","2020","06","04",16.3,"",.0,"8",.0,"8",5.3,""
"251170090","SMOLICE","2020","06","05",15.9,"",.0,"8",.0,"8",6.7,""
"251170090","SMOLICE","2020","06","06",14.7,"",.0,"8",.0,"8",6.0,""
"251170090","SMOLICE","2020","06","07",16.7,"",.0,"8",.0,"8",7.7,""
"251170090","SMOLICE","2020","06","08",15.3,"",.0,"8",.0,"8",8.0,""
"251170090","SMOLICE","2020","06","09",16.4,"",.0,"8",.0,"8",5.3,""
"251170090","SMOLICE","2020","06","10",15.4,"",.0,"8",.0,"8",5.7,""
"251170090","SMOLICE","2020","06","11",20.1,"",.0,"8",.0,"8",6.7,""
"251170090","SMOLICE","2020","06","12",22.7,"",.0,"8",.0,"8",5.0,""
"251170090","SMOLICE","2020","06","13",24.5,"",.0,"8",.0,"8",4.7,""
"251170090","SMOLICE","2020","06","14",19.9,"",.0,"8",.0,"8",3.3,""
"251170090","SMOLICE","2020","06","15",18.3,"",.0,"8",.0,"8",5.3,""
"251170090","SMOLICE","2020","06","16",17.6,"",.0,"8",.0,"8",2.3,""
"251170090","SMOLICE","2020","06","17",20.5,"",.0,"8",.0,"8",6.0,""
"251170090","SMOLICE","2020","06","18",21.1,"",.0,"8",.0,"8",8.0,""
"251170090","SMOLICE","2020","06","19",18.9,"",.0,"8",.0,"8",8.0,""
"251170090","SMOLICE","2020","06","20",17.4,"",.0,"8",.0,"8",8.0,""
"251170090","SMOLICE","2020","06","21",16.9,"",.0,"8",.0,"8",8.0,""
"251170090","SMOLICE","2020","06","22",20.3,"",.0,"8",.0,"8",6.3,""
"251170090","SMOLICE","2020","06","23",17.9,"",.0,"8",.0,"8",4.7,""
"251170090","SMOLICE","2020","06","24",16.1,"",.0,"8",.0,"8",8.0,""
"251170090","SMOLICE","2020","06","25",20.2,"",.0,"8",.0,"8",6.3,""
"251170090","SMOLICE","2020","06","26",21.5,"",.0,"8",.0,"8",6.0,""
"251170090","SMOLICE","2020","06","27",21.1,"",.0,"8",.0,"8",5.3,""
"251170090","SMOLICE","2020","06","28",22.3,"",.0,"8",.0,"8",4.7,""
"251170090","SMOLICE","2020","06","29",19.0,"",.0,"8",.0,"8",6.3,""
"251170090","SMOLICE","2020","06","30",17.7,"",.0,"8",.0,"8",4.7,""
"251190050","PUCZNIEW","2020","06","01",.0,"8",.0,"8",.0,"8",.0,"8"
"251190050","PUCZNIEW","2020","06","02",.0,"8",.0,"8",.0,"8",.0,"8"
"251190050","PUCZNIEW","2020","06","03",.0,"8",.0,"8",.0,"8",.0,"8"
"251190050","PUCZNIEW","2020","06","04",.0,"8",.0,"8",.0,"8",.0,"8"
"251190050","PUCZNIEW","2020","06","05",.0,"8",.0,"8",.0,"8",.0,"8"
"251190050","PUCZNIEW","2020","06","06",.0,"8",.0,"8",.0,"8",.0,"8"
"251190050","PUCZNIEW","2020","06","07",.0,"8",.0,"8",.0,"8",.0,"8"
"251190050","PUCZNIEW","2020","06","08",.0,"8",.0,"8",.0,"8",.0,"8"
"251190050","PUCZNIEW","2020","06","09",.0,"8",.0,"8",.0,"8",.0,"8"
"251190050","PUCZNIEW","2020","06","10",.0,"8",.0,"8",.0,"8",.0,"8"
"251190050","PUCZNIEW","2020","06","11",.0,"8",.0,"8",.0,"8",.0,"8"
"251190050","PUCZNIEW","2020","06","12",.0,"8",.0,"8",.0,"8",.0,"8"
"251190050","PUCZNIEW","2020","06","13",.0,"8",.0,"8",.0,"8",.0,"8"
"251190050","PUCZNIEW","2020","06","14",.0,"8",.0,"8",.0,"8",.0,"8"
"251190050","PUCZNIEW","2020","06","15",.0,"8",.0,"8",.0,"8",.0,"8"
"251190050","PUCZNIEW","2020","06","16",.0,"8",.0,"8",.0,"8",.0,"8"
"251190050","PUCZNIEW","2020","06","17",.0,"8",.0,"8",.0,"8",.0,"8"
"251190050","PUCZNIEW","2020","06","18",.0,"8",.0,"8",.0,"8",.0,"8"
"251190050","PUCZNIEW","2020","06","19",.0,"8",.0,"8",.0,"8",.0,"8"
"251190050","PUCZNIEW","2020","06","20",.0,"8",.0,"8",.0,"8",.0,"8"
"251190050","PUCZNIEW","2020","06","21",.0,"8",.0,"8",.0,"8",.0,"8"
"251190050","PUCZNIEW","2020","06","22",.0,"8",.0,"8",.0,"8",.0,"8"
"251190050","PUCZNIEW","2020","06","23",.0,"8",.0,"8",.0,"8",.0,"8"
"251190050","PUCZNIEW","2020","06","24",.0,"8",.0,"8",.0,"8",.0,"8"
"251190050","PUCZNIEW","2020","06","25",.0,"8",.0,"8",.0,"8",.0,"8"
"251190050","PUCZNIEW","2020","06","26",.0,"8",.0,"8",.0,"8",.0,"8"
"251190050","PUCZNIEW","2020","06","27",.0,"8",.0,"8",.0,"8",.0,"8"
"251190050","PUCZNIEW","2020","06","28",.0,"8",.0,"8",.0,"8",.0,"8"
"251190050","PUCZNIEW","2020","06","29",.0,"8",.0,"8",.0,"8",.0,"8"
"251190050","PUCZNIEW","2020","06","30",.0,"8",.0,"8",.0,"8",.0,"8"
"251200030","SKIERNIEWICE","2020","06","01",14.2,"",49.5,"",4.3,"",2.3,""
"251200030","SKIERNIEWICE","2020","06","02",13.9,"",59.0,"",2.7,"",2.7,""
"251200030","SKIERNIEWICE","2020","06","03",11.4,"",73.8,"",2.0,"",6.3,""
"251200030","SKIERNIEWICE","2020","06","04",14.4,"",68.5,"",1.7,"",2.3,""
"251200030","SKIERNIEWICE","2020","06","05",15.7,"",78.3,"",3.0,"",7.7,""
"251200030","SKIERNIEWICE","2020","06","06",17.5,"",64.5,"",5.3,"",6.0,""
"251200030","SKIERNIEWICE","2020","06","07",18.2,"",80.0,"",2.3,"",7.0,""
"251200030","SKIERNIEWICE","2020","06","08",15.9,"",88.3,"",3.3,"",8.0,""
"251200030","SKIERNIEWICE","2020","06","09",13.8,"",86.5,"",3.0,"",8.0,""
"251200030","SKIERNIEWICE","2020","06","10",16.4,"",85.5,"",2.3,"",8.0,""
"251200030","SKIERNIEWICE","2020","06","11",20.3,"",80.5,"",2.0,"",7.0,""
"251200030","SKIERNIEWICE","2020","06","12",22.8,"",64.3,"",3.3,"",3.0,""
"251200030","SKIERNIEWICE","2020","06","13",23.1,"",69.5,"",4.3,"",2.0,""
"251200030","SKIERNIEWICE","2020","06","14",17.9,"",69.3,"",3.7,"",5.0,""
"251200030","SKIERNIEWICE","2020","06","15",16.6,"",67.3,"",2.3,"",4.7,""
"251200030","SKIERNIEWICE","2020","06","16",18.0,"",63.3,"",1.7,"",6.7,""
"251200030","SKIERNIEWICE","2020","06","17",19.5,"",72.5,"",3.7,"",5.3,""
"251200030","SKIERNIEWICE","2020","06","18",19.0,"",93.3,"",1.3,"",7.3,""
"251200030","SKIERNIEWICE","2020","06","19",19.8,"",84.0,"",3.3,"",5.0,""
"251200030","SKIERNIEWICE","2020","06","20",19.5,"",90.8,"",1.3,"",7.0,""
"251200030","SKIERNIEWICE","2020","06","21",19.5,"",87.0,"",2.7,"",7.0,""
"251200030","SKIERNIEWICE","2020","06","22",19.4,"",91.0,"",5.3,"",7.3,""
"251200030","SKIERNIEWICE","2020","06","23",17.4,"",74.0,"",4.3,"",6.0,""
"251200030","SKIERNIEWICE","2020","06","24",17.5,"",95.0,"",3.3,"",7.3,""
"251200030","SKIERNIEWICE","2020","06","25",20.4,"",85.8,"",1.0,"",5.0,""
"251200030","SKIERNIEWICE","2020","06","26",19.8,"",75.8,"",5.0,"",5.3,""
"251200030","SKIERNIEWICE","2020","06","27",21.3,"",72.3,"",4.3,"",3.7,""
"251200030","SKIERNIEWICE","2020","06","28",23.5,"",65.8,"",2.3,"",5.0,""
"251200030","SKIERNIEWICE","2020","06","29",19.8,"",85.3,"",3.0,"",7.3,""
"251200030","SKIERNIEWICE","2020","06","30",18.9,"",64.0,"",2.7,"",2.0,""
"251210040","JARCZEW","2020","06","01",13.2,"",62.8,"",.7,"",3.0,""
"251210040","JARCZEW","2020","06","02",13.6,"",68.5,"",1.0,"",4.3,""
"251210040","JARCZEW","2020","06","03",11.5,"",88.5,"",.3,"",7.7,""
"251210040","JARCZEW","2020","06","04",12.4,"",78.0,"",.7,"",3.0,""
"251210040","JARCZEW","2020","06","05",15.9,"",80.5,"",2.3,"",8.0,""
"251210040","JARCZEW","2020","06","06",17.0,"",71.8,"",1.0,"",3.0,""
"251210040","JARCZEW","2020","06","07",19.1,"",75.0,"",1.3,"",5.0,""
"251210040","JARCZEW","2020","06","08",18.5,"",80.0,"",1.3,"",5.7,""
"251210040","JARCZEW","2020","06","09",15.0,"",97.8,"",.0,"",8.0,""
"251210040","JARCZEW","2020","06","10",18.1,"",91.5,"",.0,"",7.3,""
"251210040","JARCZEW","2020","06","11",20.3,"",88.5,"",.0,"",7.3,""
"251210040","JARCZEW","2020","06","12",22.6,"",82.5,"",.3,"",5.0,""
"251210040","JARCZEW","2020","06","13",21.6,"",77.8,"",1.3,"",4.3,""
"251210040","JARCZEW","2020","06","14",16.9,"",82.8,"",.3,"",7.3,""
"251210040","JARCZEW","2020","06","15",16.3,"",82.0,"",.0,"",4.3,""
"251210040","JARCZEW","2020","06","16",18.9,"",80.0,"",.3,"",4.0,""
"251210040","JARCZEW","2020","06","17",20.0,"",80.0,"",1.3,"",7.3,""
"251210040","JARCZEW","2020","06","18",21.3,"",81.5,"",3.3,"",5.0,""
"251210040","JARCZEW","2020","06","19",20.4,"",79.5,"",3.3,"",5.0,""
"251210040","JARCZEW","2020","06","20",20.1,"",90.0,"",.0,"",7.7,""
"251210040","JARCZEW","2020","06","21",19.6,"",93.5,"",.3,"",7.3,""
"251210040","JARCZEW","2020","06","22",18.9,"",93.5,"",1.3,"",8.0,""
"251210040","JARCZEW","2020","06","23",16.3,"",92.3,"",.3,"",8.0,""
"251210040","JARCZEW","2020","06","24",18.5,"",93.3,"",1.7,"",7.7,""
"251210040","JARCZEW","2020","06","25",20.8,"",96.8,"",1.7,"",3.0,""
"251210040","JARCZEW","2020","06","26",21.5,"",88.3,"",4.0,"",3.3,""
"251210040","JARCZEW","2020","06","27",21.3,"",87.8,"",2.0,"",5.7,""
"251210040","JARCZEW","2020","06","28",23.6,"",82.8,"",1.7,"",4.0,""
"251210040","JARCZEW","2020","06","29",20.3,"",95.3,"",1.0,"",7.7,""
"251210040","JARCZEW","2020","06","30",18.6,"",82.3,"",1.7,"",5.3,""
"251210120","PU£AWY","2020","06","01",13.5,"",63.8,"",3.3,"",2.0,""
"251210120","PU£AWY","2020","06","02",13.9,"",63.3,"",3.7,"",5.3,""
"251210120","PU£AWY","2020","06","03",12.1,"",88.0,"",2.0,"",4.7,""
"251210120","PU£AWY","2020","06","04",14.4,"",83.8,"",2.0,"",3.7,""
"251210120","PU£AWY","2020","06","05",17.4,"",84.5,"",2.7,"",8.0,""
"251210120","PU£AWY","2020","06","06",18.5,"",78.5,"",3.0,"",1.7,""
"251210120","PU£AWY","2020","06","07",20.9,"",83.3,"",3.0,"",5.0,""
"251210120","PU£AWY","2020","06","08",18.7,"",88.0,"",2.0,"",7.0,""
"251210120","PU£AWY","2020","06","09",15.4,"",96.5,"",2.3,"",8.0,""
"251210120","PU£AWY","2020","06","10",17.9,"",97.8,"",.7,"",8.0,""
"251210120","PU£AWY","2020","06","11",19.1,"",92.5,"",2.0,"",6.7,""
"251210120","PU£AWY","2020","06","12",23.0,"",86.8,"",3.3,"",3.7,""
"251210120","PU£AWY","2020","06","13",23.0,"",78.3,"",3.7,"",2.3,""
"251210120","PU£AWY","2020","06","14",18.2,"",88.3,"",2.7,"",7.3,""
"251210120","PU£AWY","2020","06","15",17.6,"",89.3,"",2.0,"",7.7,""
"251210120","PU£AWY","2020","06","16",19.7,"",84.3,"",1.7,"",7.0,""
"251210120","PU£AWY","2020","06","17",21.0,"",88.8,"",2.3,"",5.7,""
"251210120","PU£AWY","2020","06","18",21.7,"",84.3,"",2.3,"",7.0,""
"251210120","PU£AWY","2020","06","19",21.1,"",85.8,"",3.0,"",5.0,""
"251210120","PU£AWY","2020","06","20",20.3,"",96.5,"",1.0,"",7.3,""
"251210120","PU£AWY","2020","06","21",20.4,"",93.0,"",3.7,"",6.0,""
"251210120","PU£AWY","2020","06","22",20.1,"",91.0,"",2.7,"",8.0,""
"251210120","PU£AWY","2020","06","23",16.5,"",96.0,"",3.3,"",8.0,""
"251210120","PU£AWY","2020","06","24",18.5,"",98.0,"",2.0,"",7.7,""
"251210120","PU£AWY","2020","06","25",21.1,"",90.8,"",3.0,"",5.7,""
"251210120","PU£AWY","2020","06","26",21.6,"",83.8,"",3.7,"",3.3,""
"251210120","PU£AWY","2020","06","27",22.4,"",84.8,"",2.3,"",5.7,""
"251210120","PU£AWY","2020","06","28",24.3,"",77.3,"",1.7,"",2.0,""
"251210120","PU£AWY","2020","06","29",21.3,"",85.3,"",1.7,"",5.7,""
"251210120","PU£AWY","2020","06","30",20.0,"",84.3,"",2.3,"",4.3,""
"252150120","GORZYÑ","2020","06","01",16.6,"",52.8,"",3.0,"",1.0,""
"252150120","GORZYÑ","2020","06","02",16.8,"",66.3,"",2.3,"",3.7,""
"252150120","GORZYÑ","2020","06","03",15.3,"",63.3,"",.3,"",1.3,""
"252150120","GORZYÑ","2020","06","04",16.3,"",52.8,"",2.7,"",4.0,""
"252150120","GORZYÑ","2020","06","05",16.4,"",84.0,"",.7,"",7.0,""
"252150120","GORZYÑ","2020","06","06",15.3,"",62.0,"",2.0,"",4.0,""
"252150120","GORZYÑ","2020","06","07",15.1,"",80.3,"",.7,"",6.3,""
"252150120","GORZYÑ","2020","06","08",16.2,"",90.3,"",.7,"",5.7,""
"252150120","GORZYÑ","2020","06","09",17.1,"",67.3,"",.0,"",2.0,""
"252150120","GORZYÑ","2020","06","10",15.1,"",64.8,"",.7,"",4.0,""
"252150120","GORZYÑ","2020","06","11",19.5,"",90.5,"",.0,"",6.0,""
"252150120","GORZYÑ","2020","06","12",21.7,"",75.5,"",.7,"",4.0,""
"252150120","GORZYÑ","2020","06","13",25.0,"",64.5,"",2.7,"",1.7,""
"252150120","GORZYÑ","2020","06","14",21.0,"",59.0,"",4.3,"",4.3,""
"252150120","GORZYÑ","2020","06","15",18.2,"",68.0,"",1.3,"",2.7,""
"252150120","GORZYÑ","2020","06","16",19.7,"",61.0,"",.0,"",2.3,""
"252150120","GORZYÑ","2020","06","17",23.3,"",51.8,"",1.0,"",1.3,""
"252150120","GORZYÑ","2020","06","18",20.5,"",79.5,"",1.0,"",6.7,""
"252150120","GORZYÑ","2020","06","19",17.7,"",92.0,"",2.7,"",7.0,""
"252150120","GORZYÑ","2020","06","20",16.9,"",99.0,"",2.3,"",8.0,""
"252150120","GORZYÑ","2020","06","21",16.6,"",97.8,"",2.7,"",8.0,""
"252150120","GORZYÑ","2020","06","22",19.9,"",69.8,"",3.7,"",3.7,""
"252150120","GORZYÑ","2020","06","23",18.0,"",74.0,"",2.0,"",2.7,""
"252150120","GORZYÑ","2020","06","24",17.6,"",86.8,"",.0,"",7.3,""
"252150120","GORZYÑ","2020","06","25",21.8,"",79.0,"",1.3,"",4.0,""
"252150120","GORZYÑ","2020","06","26",21.6,"",73.0,"",2.0,"",2.7,""
"252150120","GORZYÑ","2020","06","27",21.9,"",74.5,"",1.0,"",3.7,""
"252150120","GORZYÑ","2020","06","28",25.0,"",59.3,"",1.7,"",4.7,""
"252150120","GORZYÑ","2020","06","29",18.6,"",86.8,"",1.3,"",7.3,""
"252150120","GORZYÑ","2020","06","30",18.6,"",62.5,"",1.3,"",3.7,""
"252150270","BABIMOST","2020","06","01",17.0,"",47.8,"",4.0,"",1.3,""
"252150270","BABIMOST","2020","06","02",17.8,"",55.5,"",4.0,"",5.0,""
"252150270","BABIMOST","2020","06","03",15.4,"",48.5,"",2.7,"",1.7,""
"252150270","BABIMOST","2020","06","04",16.9,"",42.8,"",3.7,"",5.7,""
"252150270","BABIMOST","2020","06","05",16.3,"",81.3,"",4.7,"",7.3,""
"252150270","BABIMOST","2020","06","06",14.8,"",61.5,"",5.7,"",5.7,""
"252150270","BABIMOST","2020","06","07",14.7,"",77.3,"",2.0,"",7.0,""
"252150270","BABIMOST","2020","06","08",16.1,"",68.5,"",2.3,"",7.0,""
"252150270","BABIMOST","2020","06","09",16.8,"",60.8,"",3.0,"",4.0,""
"252150270","BABIMOST","2020","06","10",16.1,"",61.5,"",4.0,"",5.0,""
"252150270","BABIMOST","2020","06","11",19.6,"",84.0,"",1.7,"",5.3,""
"252150270","BABIMOST","2020","06","12",22.6,"",68.5,"",3.3,"",3.3,""
"252150270","BABIMOST","2020","06","13",26.2,"",60.8,"",3.0,"",5.7,""
"252150270","BABIMOST","2020","06","14",22.0,"",56.3,"",5.3,"",4.0,""
"252150270","BABIMOST","2020","06","15",18.5,"",53.5,"",3.3,"",3.3,""
"252150270","BABIMOST","2020","06","16",19.0,"",53.3,"",2.0,"",5.0,""
"252150270","BABIMOST","2020","06","17",22.2,"",46.8,"",3.3,"",4.0,""
"252150270","BABIMOST","2020","06","18",20.8,"",79.0,"",3.3,"",7.7,""
"252150270","BABIMOST","2020","06","19",18.7,"",82.3,"",3.7,"",8.0,""
"252150270","BABIMOST","2020","06","20",17.1,"",88.8,"",4.3,"",8.0,""
"252150270","BABIMOST","2020","06","21",16.1,"",.0,"8",4.0,"",8.0,""
"252150270","BABIMOST","2020","06","22",21.2,"",59.8,"",4.0,"",3.3,""
"252150270","BABIMOST","2020","06","23",18.0,"",63.3,"",3.7,"",3.3,""
"252150270","BABIMOST","2020","06","24",16.7,"",78.0,"",2.7,"",6.7,""
"252150270","BABIMOST","2020","06","25",21.1,"",74.5,"",3.7,"",5.3,""
"252150270","BABIMOST","2020","06","26",21.5,"",76.3,"",4.0,"",5.7,""
"252150270","BABIMOST","2020","06","27",21.9,"",70.3,"",1.0,"",6.0,""
"252150270","BABIMOST","2020","06","28",24.6,"",59.3,"",4.0,"",4.0,""
"252150270","BABIMOST","2020","06","29",18.4,"",85.8,"",2.3,"",7.7,""
"252150270","BABIMOST","2020","06","30",18.9,"",52.3,"",6.7,"",2.3,""
"252160230","WIELICHOWO","2020","06","01",16.1,"",.0,"8",.0,"8",.0,""
"252160230","WIELICHOWO","2020","06","02",15.6,"",.0,"8",.0,"8",5.0,""
"252160230","WIELICHOWO","2020","06","03",14.7,"",.0,"8",.0,"8",.3,""
"252160230","WIELICHOWO","2020","06","04",16.0,"",.0,"8",.0,"8",3.3,""
"252160230","WIELICHOWO","2020","06","05",15.8,"",.0,"8",.0,"8",8.0,""
"252160230","WIELICHOWO","2020","06","06",13.7,"",.0,"8",.0,"8",4.3,""
"252160230","WIELICHOWO","2020","06","07",15.2,"",.0,"8",.0,"8",7.7,""
"252160230","WIELICHOWO","2020","06","08",15.2,"",.0,"8",.0,"8",7.7,""
"252160230","WIELICHOWO","2020","06","09",15.7,"",.0,"8",.0,"8",.3,""
"252160230","WIELICHOWO","2020","06","10",14.9,"",.0,"8",.0,"8",5.0,""
"252160230","WIELICHOWO","2020","06","11",19.5,"",.0,"8",.0,"8",3.7,""
"252160230","WIELICHOWO","2020","06","12",21.5,"",.0,"8",.0,"8",3.3,""
"252160230","WIELICHOWO","2020","06","13",24.7,"",.0,"8",.0,"8",2.3,""
"252160230","WIELICHOWO","2020","06","14",20.0,"",.0,"8",.0,"8",1.3,""
"252160230","WIELICHOWO","2020","06","15",17.4,"",.0,"8",.0,"8",2.3,""
"252160230","WIELICHOWO","2020","06","16",17.7,"",.0,"8",.0,"8",3.0,""
"252160230","WIELICHOWO","2020","06","17",20.6,"",.0,"8",.0,"8",.7,""
"252160230","WIELICHOWO","2020","06","18",20.6,"",.0,"8",.0,"8",7.3,""
"252160230","WIELICHOWO","2020","06","19",18.6,"",.0,"8",.0,"8",8.0,""
"252160230","WIELICHOWO","2020","06","20",17.3,"",.0,"8",.0,"8",8.0,""
"252160230","WIELICHOWO","2020","06","21",17.0,"",.0,"8",.0,"8",8.0,""
"252160230","WIELICHOWO","2020","06","22",20.6,"",.0,"8",.0,"8",2.7,""
"252160230","WIELICHOWO","2020","06","23",17.7,"",.0,"8",.0,"8",4.0,""
"252160230","WIELICHOWO","2020","06","24",16.6,"",.0,"8",.0,"8",7.7,""
"252160230","WIELICHOWO","2020","06","25",20.3,"",.0,"8",.0,"8",3.0,""
"252160230","WIELICHOWO","2020","06","26",20.9,"",.0,"8",.0,"8",4.0,""
"252160230","WIELICHOWO","2020","06","27",21.4,"",.0,"8",.0,"8",5.7,""
"252160230","WIELICHOWO","2020","06","28",23.6,"",.0,"8",.0,"8",1.0,""
"252160230","WIELICHOWO","2020","06","29",18.9,"",.0,"8",.0,"8",6.3,""
"252160230","WIELICHOWO","2020","06","30",17.6,"",.0,"8",.0,"8",1.3,""
"252180080","KO£UDA WIELKA","2020","06","01",14.5,"",.0,"8",.0,"8",.0,""
"252180080","KO£UDA WIELKA","2020","06","02",15.1,"",.0,"8",.0,"8",.0,""
"252180080","KO£UDA WIELKA","2020","06","03",13.2,"",.0,"8",.0,"8",.0,""
"252180080","KO£UDA WIELKA","2020","06","04",15.6,"",.0,"8",.0,"8",1.3,""
"252180080","KO£UDA WIELKA","2020","06","05",14.9,"",.0,"8",.0,"8",6.3,""
"252180080","KO£UDA WIELKA","2020","06","06",14.4,"",.0,"8",.0,"8",6.3,""
"252180080","KO£UDA WIELKA","2020","06","07",16.5,"",.0,"8",.0,"8",8.0,""
"252180080","KO£UDA WIELKA","2020","06","08",14.6,"",.0,"8",.0,"8",7.7,""
"252180080","KO£UDA WIELKA","2020","06","09",13.6,"",.0,"8",.0,"8",4.0,""
"252180080","KO£UDA WIELKA","2020","06","10",13.7,"",.0,"8",.0,"8",8.0,""
"252180080","KO£UDA WIELKA","2020","06","11",19.1,"",.0,"8",.0,"8",5.0,""
"252180080","KO£UDA WIELKA","2020","06","12",22.1,"",.0,"8",.0,"8",2.7,""
"252180080","KO£UDA WIELKA","2020","06","13",23.1,"",.0,"8",.0,"8",1.3,""
"252180080","KO£UDA WIELKA","2020","06","14",19.6,"",.0,"8",.0,"8",3.3,""
"252180080","KO£UDA WIELKA","2020","06","15",17.3,"",.0,"8",.0,"8",6.7,""
"252180080","KO£UDA WIELKA","2020","06","16",18.8,"",.0,"8",.0,"8",3.3,""
"252180080","KO£UDA WIELKA","2020","06","17",19.4,"",.0,"8",.0,"8",6.3,""
"252180080","KO£UDA WIELKA","2020","06","18",19.2,"",.0,"8",.0,"8",7.3,""
"252180080","KO£UDA WIELKA","2020","06","19",18.6,"",.0,"8",.0,"8",8.0,""
"252180080","KO£UDA WIELKA","2020","06","20",18.7,"",.0,"8",.0,"8",8.0,""
"252180080","KO£UDA WIELKA","2020","06","21",19.3,"",.0,"8",.0,"8",8.0,""
"252180080","KO£UDA WIELKA","2020","06","22",18.4,"",.0,"8",.0,"8",5.3,""
"252180080","KO£UDA WIELKA","2020","06","23",16.4,"",.0,"8",.0,"8",4.0,""
"252180080","KO£UDA WIELKA","2020","06","24",17.4,"",.0,"8",.0,"8",8.0,""
"252180080","KO£UDA WIELKA","2020","06","25",21.2,"",.0,"8",.0,"8",7.3,""
"252180080","KO£UDA WIELKA","2020","06","26",20.3,"",.0,"8",.0,"8",4.7,""
"252180080","KO£UDA WIELKA","2020","06","27",20.5,"",.0,"8",.0,"8",.0,""
"252180080","KO£UDA WIELKA","2020","06","28",21.4,"",.0,"8",.0,"8",2.7,""
"252180080","KO£UDA WIELKA","2020","06","29",17.9,"",.0,"8",.0,"8",7.7,""
"252180080","KO£UDA WIELKA","2020","06","30",17.2,"",.0,"8",.0,"8",2.7,""
"252200120","LEGIONOWO","2020","06","01",15.4,"",.0,"8",3.0,"",.0,"8"
"252200120","LEGIONOWO","2020","06","02",14.8,"",.0,"8",2.3,"",.0,"8"
"252200120","LEGIONOWO","2020","06","03",13.6,"",.0,"8",1.7,"",.0,"8"
"252200120","LEGIONOWO","2020","06","04",14.6,"",.0,"8",1.3,"",.0,"8"
"252200120","LEGIONOWO","2020","06","05",16.1,"",.0,"8",3.0,"",.0,"8"
"252200120","LEGIONOWO","2020","06","06",18.7,"",.0,"8",3.7,"",.0,"8"
"252200120","LEGIONOWO","2020","06","07",20.5,"",.0,"8",1.3,"",.0,"8"
"252200120","LEGIONOWO","2020","06","08",17.6,"",.0,"8",2.3,"",.0,"8"
"252200120","LEGIONOWO","2020","06","09",15.7,"",.0,"8",2.0,"",.0,"8"
"252200120","LEGIONOWO","2020","06","10",18.4,"",.0,"8",1.3,"",.0,"8"
"252200120","LEGIONOWO","2020","06","11",21.2,"",.0,"8",1.3,"",.0,"8"
"252200120","LEGIONOWO","2020","06","12",23.2,"",.0,"8",1.7,"",.0,"8"
"252200120","LEGIONOWO","2020","06","13",22.9,"",.0,"8",3.0,"",.0,"8"
"252200120","LEGIONOWO","2020","06","14",18.1,"",.0,"8",3.3,"",.0,"8"
"252200120","LEGIONOWO","2020","06","15",17.4,"",.0,"8",1.3,"",.0,"8"
"252200120","LEGIONOWO","2020","06","16",19.2,"",.0,"8",1.0,"",.0,"8"
"252200120","LEGIONOWO","2020","06","17",20.5,"",.0,"8",2.0,"",.0,"8"
"252200120","LEGIONOWO","2020","06","18",20.9,"",.0,"8",1.0,"",.0,"8"
"252200120","LEGIONOWO","2020","06","19",21.0,"",.0,"8",1.7,"",.0,"8"
"252200120","LEGIONOWO","2020","06","20",20.6,"",.0,"8",1.0,"",.0,"8"
"252200120","LEGIONOWO","2020","06","21",20.7,"",.0,"8",1.7,"",.0,"8"
"252200120","LEGIONOWO","2020","06","22",20.6,"",.0,"8",2.0,"",.0,"8"
"252200120","LEGIONOWO","2020","06","23",18.8,"",.0,"8",3.0,"",.0,"8"
"252200120","LEGIONOWO","2020","06","24",18.8,"",.0,"8",1.7,"",.0,"8"
"252200120","LEGIONOWO","2020","06","25",23.0,"",.0,"8",2.3,"",.0,"8"
"252200120","LEGIONOWO","2020","06","26",22.3,"",.0,"8",2.7,"",.0,"8"
"252200120","LEGIONOWO","2020","06","27",21.6,"",.0,"8",1.7,"",.0,"8"
"252200120","LEGIONOWO","2020","06","28",24.5,"",.0,"8",2.3,"",.0,"8"
"252200120","LEGIONOWO","2020","06","29",20.8,"",.0,"8",2.0,"",.0,"8"
"252200120","LEGIONOWO","2020","06","30",19.6,"",.0,"8",3.7,"",.0,"8"
"252200150","WARSZAWA-BIELANY","2020","06","01",14.6,"",48.3,"",3.0,"",3.0,""
"252200150","WARSZAWA-BIELANY","2020","06","02",14.6,"",55.5,"",2.3,"",1.7,""
"252200150","WARSZAWA-BIELANY","2020","06","03",12.9,"",68.8,"",2.3,"",5.0,""
"252200150","WARSZAWA-BIELANY","2020","06","04",15.0,"",57.3,"",2.0,"",2.3,""
"252200150","WARSZAWA-BIELANY","2020","06","05",16.6,"",76.5,"",3.0,"",7.3,""
"252200150","WARSZAWA-BIELANY","2020","06","06",18.7,"",58.8,"",3.0,"",4.3,""
"252200150","WARSZAWA-BIELANY","2020","06","07",20.1,"",77.5,"",1.7,"",5.3,""
"252200150","WARSZAWA-BIELANY","2020","06","08",17.0,"",87.0,"",2.7,"",8.0,""
"252200150","WARSZAWA-BIELANY","2020","06","09",15.1,"",85.8,"",1.7,"",8.0,""
"252200150","WARSZAWA-BIELANY","2020","06","10",17.9,"",93.5,"",1.0,"",8.0,""
"252200150","WARSZAWA-BIELANY","2020","06","11",21.1,"",83.8,"",1.3,"",6.3,""
"252200150","WARSZAWA-BIELANY","2020","06","12",23.4,"",70.8,"",2.0,"",2.3,""
"252200150","WARSZAWA-BIELANY","2020","06","13",22.9,"",74.0,"",3.0,"",4.0,""
"252200150","WARSZAWA-BIELANY","2020","06","14",18.2,"",68.8,"",3.0,"",4.0,""
"252200150","WARSZAWA-BIELANY","2020","06","15",17.1,"",75.5,"",1.3,"",3.3,""
"252200150","WARSZAWA-BIELANY","2020","06","16",18.8,"",59.8,"",1.7,"",3.7,""
"252200150","WARSZAWA-BIELANY","2020","06","17",20.1,"",80.3,"",2.3,"",7.0,""
"252200150","WARSZAWA-BIELANY","2020","06","18",20.6,"",93.3,"",1.3,"",6.7,""
"252200150","WARSZAWA-BIELANY","2020","06","19",21.5,"",77.3,"",2.7,"",4.3,""
"252200150","WARSZAWA-BIELANY","2020","06","20",20.1,"",92.0,"",1.0,"",6.3,""
"252200150","WARSZAWA-BIELANY","2020","06","21",20.0,"",92.3,"",1.3,"",7.3,""
"252200150","WARSZAWA-BIELANY","2020","06","22",19.7,"",95.5,"",1.3,"",8.0,""
"252200150","WARSZAWA-BIELANY","2020","06","23",18.2,"",78.5,"",2.0,"",4.7,""
"252200150","WARSZAWA-BIELANY","2020","06","24",18.1,"",96.8,"",2.0,"",7.7,""
"252200150","WARSZAWA-BIELANY","2020","06","25",23.2,"",70.0,"",3.7,"",2.7,""
"252200150","WARSZAWA-BIELANY","2020","06","26",22.0,"",63.5,"",3.3,"",4.0,""
"252200150","WARSZAWA-BIELANY","2020","06","27",21.8,"",78.3,"",1.7,"",5.0,""
"252200150","WARSZAWA-BIELANY","2020","06","28",23.9,"",68.5,"",2.7,"",2.0,""
"252200150","WARSZAWA-BIELANY","2020","06","29",20.3,"",81.0,"",2.3,"",6.7,""
"252200150","WARSZAWA-BIELANY","2020","06","30",19.3,"",69.3,"",3.3,"",3.3,""
"252200230","WARSZAWA-FILTRY","2020","06","01",15.7,"",.0,"8",3.0,"",3.0,""
"252200230","WARSZAWA-FILTRY","2020","06","02",15.6,"",.0,"8",2.3,"",3.3,""
"252200230","WARSZAWA-FILTRY","2020","06","03",13.9,"",.0,"8",2.7,"",7.3,""
"252200230","WARSZAWA-FILTRY","2020","06","04",15.8,"",.0,"8",3.0,"",2.3,""
"252200230","WARSZAWA-FILTRY","2020","06","05",16.6,"",.0,"8",3.3,"",8.0,""
"252200230","WARSZAWA-FILTRY","2020","06","06",19.3,"",.0,"8",3.7,"",4.7,""
"252200230","WARSZAWA-FILTRY","2020","06","07",21.6,"",.0,"8",1.3,"",5.7,""
"252200230","WARSZAWA-FILTRY","2020","06","08",18.2,"",.0,"8",3.3,"",6.3,""
"252200230","WARSZAWA-FILTRY","2020","06","09",15.5,"",.0,"8",2.7,"",8.0,""
"252200230","WARSZAWA-FILTRY","2020","06","10",18.4,"",.0,"8",1.7,"",7.7,""
"252200230","WARSZAWA-FILTRY","2020","06","11",21.9,"",.0,"8",1.7,"",6.3,""
"252200230","WARSZAWA-FILTRY","2020","06","12",24.7,"",.0,"8",2.7,"",2.0,""
"252200230","WARSZAWA-FILTRY","2020","06","13",24.0,"",.0,"8",3.0,"",3.3,""
"252200230","WARSZAWA-FILTRY","2020","06","14",18.6,"",.0,"8",3.3,"",5.3,""
"252200230","WARSZAWA-FILTRY","2020","06","15",18.7,"",.0,"8",1.7,"",4.3,""
"252200230","WARSZAWA-FILTRY","2020","06","16",20.4,"",.0,"8",2.3,"",2.7,""
"252200230","WARSZAWA-FILTRY","2020","06","17",21.1,"",.0,"8",2.3,"",7.3,""
"252200230","WARSZAWA-FILTRY","2020","06","18",21.6,"",.0,"8",.0,"8",7.3,""
"252200230","WARSZAWA-FILTRY","2020","06","19",21.9,"",.0,"8",.0,"8",5.0,""
"252200230","WARSZAWA-FILTRY","2020","06","20",21.2,"",.0,"8",.0,"8",8.0,""
"252200230","WARSZAWA-FILTRY","2020","06","21",20.7,"",.0,"8",.0,"8",7.3,""
"252200230","WARSZAWA-FILTRY","2020","06","22",20.1,"",.0,"8",.0,"8",8.0,""
"252200230","WARSZAWA-FILTRY","2020","06","23",19.3,"",.0,"8",.0,"8",6.0,""
"252200230","WARSZAWA-FILTRY","2020","06","24",18.8,"",.0,"8",.0,"8",8.0,""
"252200230","WARSZAWA-FILTRY","2020","06","25",23.7,"",.0,"8",.0,"8",4.0,""
"252200230","WARSZAWA-FILTRY","2020","06","26",22.7,"",.0,"8",.0,"8",3.7,""
"252200230","WARSZAWA-FILTRY","2020","06","27",22.7,"",.0,"8",.0,"8",6.3,""
"252200230","WARSZAWA-FILTRY","2020","06","28",24.9,"",.0,"8",.0,"8",1.7,""
"252200230","WARSZAWA-FILTRY","2020","06","29",20.9,"",.0,"8",.0,"8",5.7,""
"252200230","WARSZAWA-FILTRY","2020","06","30",20.2,"",.0,"8",.0,"8",3.0,""
"252210050","PU£TUSK","2020","06","01",14.5,"",60.0,"",1.3,"",4.3,""
"252210050","PU£TUSK","2020","06","02",14.2,"",66.0,"",.7,"",2.0,""
"252210050","PU£TUSK","2020","06","03",12.3,"",77.0,"",1.0,"",5.0,""
"252210050","PU£TUSK","2020","06","04",13.4,"",69.5,"",1.0,"",3.0,""
"252210050","PU£TUSK","2020","06","05",14.8,"",81.3,"",3.0,"",8.0,""
"252210050","PU£TUSK","2020","06","06",18.0,"",66.5,"",4.0,"",4.7,""
"252210050","PU£TUSK","2020","06","07",19.6,"",74.0,"",.0,"",7.3,""
"252210050","PU£TUSK","2020","06","08",17.3,"",87.0,"",2.3,"",7.3,""
"252210050","PU£TUSK","2020","06","09",15.3,"",87.0,"",1.0,"",8.0,""
"252210050","PU£TUSK","2020","06","10",18.7,"",89.8,"",.3,"",7.0,""
"252210050","PU£TUSK","2020","06","11",21.0,"",82.8,"",1.0,"",7.0,""
"252210050","PU£TUSK","2020","06","12",22.6,"",74.8,"",.3,"",5.3,""
"252210050","PU£TUSK","2020","06","13",22.2,"",76.3,"",1.3,"",4.0,""
"252210050","PU£TUSK","2020","06","14",16.8,"",72.5,"",1.0,"",7.0,""
"252210050","PU£TUSK","2020","06","15",15.7,"",77.5,"",.7,"",7.0,""
"252210050","PU£TUSK","2020","06","16",18.1,"",66.5,"",1.0,"",1.3,""
"252210050","PU£TUSK","2020","06","17",19.6,"",87.8,"",.3,"",7.3,""
"252210050","PU£TUSK","2020","06","18",21.6,"",84.3,"",1.7,"",8.0,""
"252210050","PU£TUSK","2020","06","19",21.2,"",78.5,"",2.3,"",6.0,""
"252210050","PU£TUSK","2020","06","20",20.0,"",89.3,"",.0,"",7.3,""
"252210050","PU£TUSK","2020","06","21",21.0,"",92.3,"",1.0,"",8.0,""
"252210050","PU£TUSK","2020","06","22",19.9,"",96.5,"",1.7,"",7.0,""
"252210050","PU£TUSK","2020","06","23",17.8,"",80.5,"",1.3,"",7.3,""
"252210050","PU£TUSK","2020","06","24",19.4,"",86.3,"",1.0,"",4.0,""
"252210050","PU£TUSK","2020","06","25",22.1,"",64.5,"",2.3,"",5.3,""
"252210050","PU£TUSK","2020","06","26",22.5,"",56.3,"",4.3,"",5.0,""
"252210050","PU£TUSK","2020","06","27",21.0,"",79.3,"",1.7,"",6.0,""
"252210050","PU£TUSK","2020","06","28",23.2,"",83.0,"",1.3,"",2.3,""
"252210050","PU£TUSK","2020","06","29",20.2,"",86.3,"",3.0,"",7.0,""
"252210050","PU£TUSK","2020","06","30",18.6,"",76.8,"",3.3,"",5.7,""
"252210170","WARSZAWA-OBSERWATORIUM II","2020","06","01",14.9,"",.0,"8",.0,"8",.0,"8"
"252210170","WARSZAWA-OBSERWATORIUM II","2020","06","02",14.6,"",.0,"8",.0,"8",.0,"8"
"252210170","WARSZAWA-OBSERWATORIUM II","2020","06","03",13.3,"",.0,"8",.0,"8",.0,"8"
"252210170","WARSZAWA-OBSERWATORIUM II","2020","06","04",14.4,"",.0,"8",.0,"8",.0,"8"
"252210170","WARSZAWA-OBSERWATORIUM II","2020","06","05",15.6,"",.0,"8",.0,"8",.0,"8"
"252210170","WARSZAWA-OBSERWATORIUM II","2020","06","06",18.0,"",.0,"8",.0,"8",.0,"8"
"252210170","WARSZAWA-OBSERWATORIUM II","2020","06","07",19.6,"",.0,"8",.0,"8",.0,"8"
"252210170","WARSZAWA-OBSERWATORIUM II","2020","06","08",17.1,"",.0,"8",.0,"8",.0,"8"
"252210170","WARSZAWA-OBSERWATORIUM II","2020","06","09",15.2,"",.0,"8",.0,"8",.0,"8"
"252210170","WARSZAWA-OBSERWATORIUM II","2020","06","10",17.6,"",.0,"8",.0,"8",.0,"8"
"252210170","WARSZAWA-OBSERWATORIUM II","2020","06","11",20.9,"",.0,"8",.0,"8",.0,"8"
"252210170","WARSZAWA-OBSERWATORIUM II","2020","06","12",23.0,"",.0,"8",.0,"8",.0,"8"
"252210170","WARSZAWA-OBSERWATORIUM II","2020","06","13",22.5,"",.0,"8",.0,"8",.0,"8"
"252210170","WARSZAWA-OBSERWATORIUM II","2020","06","14",18.1,"",.0,"8",.0,"8",.0,"8"
"252210170","WARSZAWA-OBSERWATORIUM II","2020","06","15",17.1,"",.0,"8",.0,"8",.0,"8"
"252210170","WARSZAWA-OBSERWATORIUM II","2020","06","16",19.3,"",.0,"8",.0,"8",.0,"8"
"252210170","WARSZAWA-OBSERWATORIUM II","2020","06","17",20.2,"",.0,"8",.0,"8",.0,"8"
"252210170","WARSZAWA-OBSERWATORIUM II","2020","06","18",20.1,"",.0,"8",.0,"8",.0,"8"
"252210170","WARSZAWA-OBSERWATORIUM II","2020","06","19",20.3,"",.0,"8",.0,"8",.0,"8"
"252210170","WARSZAWA-OBSERWATORIUM II","2020","06","20",19.9,"",.0,"8",.0,"8",.0,"8"
"252210170","WARSZAWA-OBSERWATORIUM II","2020","06","21",19.9,"",.0,"8",.0,"8",.0,"8"
"252210170","WARSZAWA-OBSERWATORIUM II","2020","06","22",19.6,"",.0,"8",.0,"8",.0,"8"
"252210170","WARSZAWA-OBSERWATORIUM II","2020","06","23",18.5,"",.0,"8",.0,"8",.0,"8"
"252210170","WARSZAWA-OBSERWATORIUM II","2020","06","24",17.9,"",.0,"8",.0,"8",.0,"8"
"252210170","WARSZAWA-OBSERWATORIUM II","2020","06","25",21.8,"",.0,"8",.0,"8",.0,"8"
"252210170","WARSZAWA-OBSERWATORIUM II","2020","06","26",20.8,"",.0,"8",.0,"8",.0,"8"
"252210170","WARSZAWA-OBSERWATORIUM II","2020","06","27",21.0,"",.0,"8",.0,"8",.0,"8"
"252210170","WARSZAWA-OBSERWATORIUM II","2020","06","28",23.7,"",.0,"8",.0,"8",.0,"8"
"252210170","WARSZAWA-OBSERWATORIUM II","2020","06","29",20.3,"",.0,"8",.0,"8",.0,"8"
"252210170","WARSZAWA-OBSERWATORIUM II","2020","06","30",19.1,"",.0,"8",.0,"8",.0,"8"
"252220030","SZEPIETOWO","2020","06","01",13.1,"",.0,"8",.0,"8",3.0,""
"252220030","SZEPIETOWO","2020","06","02",13.0,"",.0,"8",.0,"8",4.7,""
"252220030","SZEPIETOWO","2020","06","03",11.9,"",.0,"8",.0,"8",6.0,""
"252220030","SZEPIETOWO","2020","06","04",13.4,"",.0,"8",.0,"8",4.0,""
"252220030","SZEPIETOWO","2020","06","05",14.2,"",.0,"8",.0,"8",6.0,""
"252220030","SZEPIETOWO","2020","06","06",17.6,"",.0,"8",.0,"8",5.0,""
"252220030","SZEPIETOWO","2020","06","07",19.9,"",.0,"8",.0,"8",7.0,""
"252220030","SZEPIETOWO","2020","06","08",20.1,"",.0,"8",.0,"8",6.3,""
"252220030","SZEPIETOWO","2020","06","09",16.2,"",.0,"8",.0,"8",7.0,""
"252220030","SZEPIETOWO","2020","06","10",19.6,"",.0,"8",.0,"8",7.0,""
"252220030","SZEPIETOWO","2020","06","11",21.2,"",.0,"8",.0,"8",5.0,""
"252220030","SZEPIETOWO","2020","06","12",23.0,"",.0,"8",.0,"8",2.3,""
"252220030","SZEPIETOWO","2020","06","13",20.2,"",.0,"8",.0,"8",7.0,""
"252220030","SZEPIETOWO","2020","06","14",15.0,"",.0,"8",.0,"8",6.3,""
"252220030","SZEPIETOWO","2020","06","15",17.0,"",.0,"8",.0,"8",4.7,""
"252220030","SZEPIETOWO","2020","06","16",17.6,"",.0,"8",.0,"8",4.3,""
"252220030","SZEPIETOWO","2020","06","17",19.3,"",.0,"8",.0,"8",6.7,""
"252220030","SZEPIETOWO","2020","06","18",21.6,"",.0,"8",.0,"8",3.3,""
"252220030","SZEPIETOWO","2020","06","19",20.1,"",.0,"8",.0,"8",6.7,""
"252220030","SZEPIETOWO","2020","06","20",20.5,"",.0,"8",.0,"8",7.3,""
"252220030","SZEPIETOWO","2020","06","21",20.3,"",.0,"8",.0,"8",8.0,""
"252220030","SZEPIETOWO","2020","06","22",19.1,"",.0,"8",.0,"8",6.7,""
"252220030","SZEPIETOWO","2020","06","23",15.8,"",.0,"8",.0,"8",8.0,""
"252220030","SZEPIETOWO","2020","06","24",20.8,"",.0,"8",.0,"8",4.0,""
"252220030","SZEPIETOWO","2020","06","25",21.8,"",.0,"8",.0,"8",5.0,""
"252220030","SZEPIETOWO","2020","06","26",21.3,"",.0,"8",.0,"8",3.7,""
"252220030","SZEPIETOWO","2020","06","27",19.7,"",.0,"8",.0,"8",7.0,""
"252220030","SZEPIETOWO","2020","06","28",22.1,"",.0,"8",.0,"8",3.3,""
"252220030","SZEPIETOWO","2020","06","29",21.4,"",.0,"8",.0,"8",8.0,""
"252220030","SZEPIETOWO","2020","06","30",18.7,"",.0,"8",.0,"8",5.7,""
"252230120","BIA£OWIE¯A","2020","06","01",12.2,"",48.0,"",5.0,"",.0,"8"
"252230120","BIA£OWIE¯A","2020","06","02",10.0,"",54.8,"",4.0,"",.0,"8"
"252230120","BIA£OWIE¯A","2020","06","03",10.8,"",80.0,"",3.0,"",.0,"8"
"252230120","BIA£OWIE¯A","2020","06","04",12.5,"",70.8,"",1.3,"",.0,"8"
"252230120","BIA£OWIE¯A","2020","06","05",15.2,"",68.8,"",5.7,"",.0,"8"
"252230120","BIA£OWIE¯A","2020","06","06",19.2,"",68.5,"",5.0,"",.0,"8"
"252230120","BIA£OWIE¯A","2020","06","07",20.7,"",82.3,"",2.0,"",.0,"8"
"252230120","BIA£OWIE¯A","2020","06","08",21.5,"",81.8,"",3.3,"",.0,"8"
"252230120","BIA£OWIE¯A","2020","06","09",19.8,"",90.5,"",3.0,"",.0,"8"
"252230120","BIA£OWIE¯A","2020","06","10",19.7,"",79.8,"",3.0,"",.0,"8"
"252230120","BIA£OWIE¯A","2020","06","11",21.2,"",73.8,"",2.3,"",.0,"8"
"252230120","BIA£OWIE¯A","2020","06","12",23.4,"",77.0,"",3.0,"",.0,"8"
"252230120","BIA£OWIE¯A","2020","06","13",19.8,"",79.8,"",4.3,"",.0,"8"
"252230120","BIA£OWIE¯A","2020","06","14",15.0,"",74.8,"",3.0,"",.0,"8"
"252230120","BIA£OWIE¯A","2020","06","15",16.5,"",77.8,"",1.7,"",.0,"8"
"252230120","BIA£OWIE¯A","2020","06","16",19.3,"",69.5,"",1.3,"",.0,"8"
"252230120","BIA£OWIE¯A","2020","06","17",21.1,"",74.8,"",3.7,"",.0,"8"
"252230120","BIA£OWIE¯A","2020","06","18",22.4,"",72.5,"",3.0,"",.0,"8"
"252230120","BIA£OWIE¯A","2020","06","19",20.9,"",75.8,"",2.3,"",.0,"8"
"252230120","BIA£OWIE¯A","2020","06","20",21.6,"",77.3,"",3.0,"",.0,"8"
"252230120","BIA£OWIE¯A","2020","06","21",20.1,"",80.8,"",3.7,"",.0,"8"
"252230120","BIA£OWIE¯A","2020","06","22",20.5,"",83.0,"",2.3,"",.0,"8"
"252230120","BIA£OWIE¯A","2020","06","23",18.5,"",91.0,"",3.7,"",.0,"8"
"252230120","BIA£OWIE¯A","2020","06","24",21.5,"",69.3,"",3.3,"",.0,"8"
"252230120","BIA£OWIE¯A","2020","06","25",21.3,"",56.3,"",1.3,"",.0,"8"
"252230120","BIA£OWIE¯A","2020","06","26",21.9,"",53.5,"",3.7,"",.0,"8"
"252230120","BIA£OWIE¯A","2020","06","27",21.2,"",72.3,"",2.7,"",.0,"8"
"252230120","BIA£OWIE¯A","2020","06","28",21.7,"",70.0,"",2.7,"",.0,"8"
"252230120","BIA£OWIE¯A","2020","06","29",21.7,"",83.8,"",2.0,"",.0,"8"
"252230120","BIA£OWIE¯A","2020","06","30",18.9,"",70.0,"",4.0,"",.0,"8"
"253140060","GOLENIÓW","2020","06","01",15.5,"",.0,"8",5.0,"",.3,""
"253140060","GOLENIÓW","2020","06","02",15.9,"",.0,"8",3.3,"",1.7,""
"253140060","GOLENIÓW","2020","06","03",15.1,"",.0,"8",2.0,"",1.3,""
"253140060","GOLENIÓW","2020","06","04",17.6,"",.0,"8",4.7,"",6.7,""
"253140060","GOLENIÓW","2020","06","05",15.1,"",.0,"8",3.7,"",6.0,""
"253140060","GOLENIÓW","2020","06","06",14.2,"",.0,"8",4.7,"",3.0,""
"253140060","GOLENIÓW","2020","06","07",14.1,"",.0,"8",4.0,"",7.0,""
"253140060","GOLENIÓW","2020","06","08",16.4,"",.0,"8",2.7,"",4.7,""
"253140060","GOLENIÓW","2020","06","09",15.5,"",.0,"8",2.3,"",3.0,""
"253140060","GOLENIÓW","2020","06","10",14.3,"",.0,"8",2.3,"",6.7,""
"253140060","GOLENIÓW","2020","06","11",15.2,"",.0,"8",2.0,"",8.0,""
"253140060","GOLENIÓW","2020","06","12",19.1,"",.0,"8",3.0,"",5.3,""
"253140060","GOLENIÓW","2020","06","13",22.8,"",.0,"8",3.3,"",4.0,""
"253140060","GOLENIÓW","2020","06","14",19.8,"",.0,"8",3.7,"",1.0,""
"253140060","GOLENIÓW","2020","06","15",16.4,"",.0,"8",3.7,"",2.3,""
"253140060","GOLENIÓW","2020","06","16",19.1,"",.0,"8",2.7,"",3.0,""
"253140060","GOLENIÓW","2020","06","17",20.5,"",.0,"8",2.3,"",1.7,""
"253140060","GOLENIÓW","2020","06","18",16.7,"",.0,"8",3.3,"",7.3,""
"253140060","GOLENIÓW","2020","06","19",16.3,"",.0,"8",3.0,"",8.0,""
"253140060","GOLENIÓW","2020","06","20",17.0,"",.0,"8",3.7,"",8.0,""
"253140060","GOLENIÓW","2020","06","21",16.3,"",.0,"8",4.3,"",8.0,""
"253140060","GOLENIÓW","2020","06","22",19.0,"",.0,"8",4.0,"",2.3,""
"253140060","GOLENIÓW","2020","06","23",16.6,"",.0,"8",4.0,"",3.3,""
"253140060","GOLENIÓW","2020","06","24",18.7,"",.0,"8",3.0,"",4.7,""
"253140060","GOLENIÓW","2020","06","25",22.2,"",.0,"8",4.3,"",5.3,""
"253140060","GOLENIÓW","2020","06","26",22.7,"",.0,"8",2.7,"",5.0,""
"253140060","GOLENIÓW","2020","06","27",21.7,"",.0,"8",2.7,"",4.0,""
"253140060","GOLENIÓW","2020","06","28",22.2,"",.0,"8",2.7,"",5.3,""
"253140060","GOLENIÓW","2020","06","29",18.8,"",.0,"8",2.3,"",5.7,""
"253140060","GOLENIÓW","2020","06","30",17.5,"",.0,"8",5.0,"",4.7,""
"253170210","CHRZ¥STOWO","2020","06","01",15.3,"",.0,"8",.0,"8",.0,""
"253170210","CHRZ¥STOWO","2020","06","02",14.7,"",.0,"8",.0,"8",4.0,""
"253170210","CHRZ¥STOWO","2020","06","03",13.1,"",.0,"8",.0,"8",2.7,""
"253170210","CHRZ¥STOWO","2020","06","04",14.7,"",.0,"8",.0,"8",3.3,""
"253170210","CHRZ¥STOWO","2020","06","05",14.1,"",.0,"8",.0,"8",7.3,""
"253170210","CHRZ¥STOWO","2020","06","06",13.5,"",.0,"8",.0,"8",5.7,""
"253170210","CHRZ¥STOWO","2020","06","07",15.8,"",.0,"8",.0,"8",8.0,""
"253170210","CHRZ¥STOWO","2020","06","08",15.1,"",.0,"8",.0,"8",6.7,""
"253170210","CHRZ¥STOWO","2020","06","09",14.6,"",.0,"8",.0,"8",3.3,""
"253170210","CHRZ¥STOWO","2020","06","10",14.4,"",.0,"8",.0,"8",8.0,""
"253170210","CHRZ¥STOWO","2020","06","11",18.6,"",.0,"8",.0,"8",6.3,""
"253170210","CHRZ¥STOWO","2020","06","12",21.0,"",.0,"8",.0,"8",5.0,""
"253170210","CHRZ¥STOWO","2020","06","13",21.9,"",.0,"8",.0,"8",2.7,""
"253170210","CHRZ¥STOWO","2020","06","14",18.2,"",.0,"8",.0,"8",3.0,""
"253170210","CHRZ¥STOWO","2020","06","15",15.3,"",.0,"8",.0,"8",6.7,""
"253170210","CHRZ¥STOWO","2020","06","16",18.0,"",.0,"8",.0,"8",3.3,""
"253170210","CHRZ¥STOWO","2020","06","17",20.9,"",.0,"8",.0,"8",3.3,""
"253170210","CHRZ¥STOWO","2020","06","18",19.7,"",.0,"8",.0,"8",6.3,""
"253170210","CHRZ¥STOWO","2020","06","19",19.9,"",.0,"8",.0,"8",7.0,""
"253170210","CHRZ¥STOWO","2020","06","20",18.5,"",.0,"8",.0,"8",7.7,""
"253170210","CHRZ¥STOWO","2020","06","21",19.5,"",.0,"8",.0,"8",6.7,""
"253170210","CHRZ¥STOWO","2020","06","22",19.0,"",.0,"8",.0,"8",5.7,""
"253170210","CHRZ¥STOWO","2020","06","23",16.7,"",.0,"8",.0,"8",4.0,""
"253170210","CHRZ¥STOWO","2020","06","24",18.9,"",.0,"8",.0,"8",7.0,""
"253170210","CHRZ¥STOWO","2020","06","25",20.8,"",.0,"8",.0,"8",5.7,""
"253170210","CHRZ¥STOWO","2020","06","26",20.6,"",.0,"8",.0,"8",4.7,""
"253170210","CHRZ¥STOWO","2020","06","27",20.7,"",.0,"8",.0,"8",5.0,""
"253170210","CHRZ¥STOWO","2020","06","28",22.6,"",.0,"8",.0,"8",4.3,""
"253170210","CHRZ¥STOWO","2020","06","29",18.1,"",.0,"8",.0,"8",7.3,""
"253170210","CHRZ¥STOWO","2020","06","30",17.6,"",.0,"8",.0,"8",4.0,""
"253220070","BIEBRZA-PIEÑCZYKÓWEK","2020","06","01",13.4,"",59.5,"",4.7,"",4.3,""
"253220070","BIEBRZA-PIEÑCZYKÓWEK","2020","06","02",13.1,"",83.0,"",4.3,"",3.7,""
"253220070","BIEBRZA-PIEÑCZYKÓWEK","2020","06","03",12.3,"",85.0,"",3.0,"",7.7,""
"253220070","BIEBRZA-PIEÑCZYKÓWEK","2020","06","04",12.6,"",91.3,"",1.3,"",7.3,""
"253220070","BIEBRZA-PIEÑCZYKÓWEK","2020","06","05",13.5,"",82.0,"",4.0,"",4.3,""
"253220070","BIEBRZA-PIEÑCZYKÓWEK","2020","06","06",17.1,"",79.5,"",4.3,"",5.0,""
"253220070","BIEBRZA-PIEÑCZYKÓWEK","2020","06","07",20.4,"",79.0,"",3.3,"",3.7,""
"253220070","BIEBRZA-PIEÑCZYKÓWEK","2020","06","08",18.2,"",87.3,"",4.0,"",4.0,""
"253220070","BIEBRZA-PIEÑCZYKÓWEK","2020","06","09",15.4,"",92.8,"",4.0,"",8.0,""
"253220070","BIEBRZA-PIEÑCZYKÓWEK","2020","06","10",20.6,"",85.5,"",2.7,"",6.7,""
"253220070","BIEBRZA-PIEÑCZYKÓWEK","2020","06","11",22.1,"",85.5,"",2.3,"",4.0,""
"253220070","BIEBRZA-PIEÑCZYKÓWEK","2020","06","12",21.5,"",86.0,"",3.3,"",4.3,""
"253220070","BIEBRZA-PIEÑCZYKÓWEK","2020","06","13",19.8,"",85.5,"",5.0,"",7.7,""
"253220070","BIEBRZA-PIEÑCZYKÓWEK","2020","06","14",15.1,"",78.0,"",4.7,"",4.3,""
"253220070","BIEBRZA-PIEÑCZYKÓWEK","2020","06","15",15.9,"",86.8,"",1.7,"",5.7,""
"253220070","BIEBRZA-PIEÑCZYKÓWEK","2020","06","16",17.4,"",72.5,"",2.0,"",3.0,""
"253220070","BIEBRZA-PIEÑCZYKÓWEK","2020","06","17",19.9,"",78.3,"",3.7,"",6.3,""
"253220070","BIEBRZA-PIEÑCZYKÓWEK","2020","06","18",21.0,"",85.3,"",3.0,"",2.3,""
"253220070","BIEBRZA-PIEÑCZYKÓWEK","2020","06","19",21.3,"",86.5,"",3.0,"",5.0,""
"253220070","BIEBRZA-PIEÑCZYKÓWEK","2020","06","20",21.2,"",85.3,"",2.7,"",2.3,""
"253220070","BIEBRZA-PIEÑCZYKÓWEK","2020","06","21",21.7,"",83.5,"",3.0,"",3.7,""
"253220070","BIEBRZA-PIEÑCZYKÓWEK","2020","06","22",20.2,"",90.5,"",4.0,"",7.7,""
"253220070","BIEBRZA-PIEÑCZYKÓWEK","2020","06","23",16.3,"",97.0,"",3.7,"",8.0,""
"253220070","BIEBRZA-PIEÑCZYKÓWEK","2020","06","24",21.6,"",76.3,"",3.7,"",2.7,""
"253220070","BIEBRZA-PIEÑCZYKÓWEK","2020","06","25",21.2,"",78.3,"",2.7,"",2.7,""
"253220070","BIEBRZA-PIEÑCZYKÓWEK","2020","06","26",21.4,"",76.8,"",2.0,"",1.3,""
"253220070","BIEBRZA-PIEÑCZYKÓWEK","2020","06","27",20.8,"",78.5,"",2.0,"",3.7,""
"253220070","BIEBRZA-PIEÑCZYKÓWEK","2020","06","28",21.9,"",83.3,"",3.3,"",2.0,""
"253220070","BIEBRZA-PIEÑCZYKÓWEK","2020","06","29",20.2,"",91.5,"",2.0,"",7.3,""
"253220070","BIEBRZA-PIEÑCZYKÓWEK","2020","06","30",17.5,"",81.5,"",4.0,"",5.0,""
"253220330","MARIANOWO II","2020","06","01",13.2,"",52.8,"",4.7,"",.0,"8"
"253220330","MARIANOWO II","2020","06","02",13.4,"",53.8,"",5.7,"",.0,"8"
"253220330","MARIANOWO II","2020","06","03",12.4,"",73.8,"",2.3,"",.0,"8"
"253220330","MARIANOWO II","2020","06","04",12.7,"",74.0,"",1.3,"",.0,"8"
"253220330","MARIANOWO II","2020","06","05",14.2,"",77.0,"",3.3,"",.0,"8"
"253220330","MARIANOWO II","2020","06","06",17.6,"",66.3,"",2.7,"",.0,"8"
"253220330","MARIANOWO II","2020","06","07",20.2,"",69.8,"",3.3,"",.0,"8"
"253220330","MARIANOWO II","2020","06","08",18.6,"",79.8,"",2.7,"",.0,"8"
"253220330","MARIANOWO II","2020","06","09",14.5,"",92.8,"",3.3,"",.0,"8"
"253220330","MARIANOWO II","2020","06","10",19.6,"",84.8,"",1.7,"",.0,"8"
"253220330","MARIANOWO II","2020","06","11",21.6,"",73.8,"",1.0,"",.0,"8"
"253220330","MARIANOWO II","2020","06","12",21.9,"",73.3,"",3.0,"",.0,"8"
"253220330","MARIANOWO II","2020","06","13",19.8,"",84.3,"",5.0,"",.0,"8"
"253220330","MARIANOWO II","2020","06","14",15.1,"",79.3,"",4.7,"",.0,"8"
"253220330","MARIANOWO II","2020","06","15",16.2,"",76.0,"",.7,"",.0,"8"
"253220330","MARIANOWO II","2020","06","16",17.9,"",71.3,"",.7,"",.0,"8"
"253220330","MARIANOWO II","2020","06","17",19.6,"",65.3,"",3.7,"",.0,"8"
"253220330","MARIANOWO II","2020","06","18",21.5,"",65.8,"",2.7,"",.0,"8"
"253220330","MARIANOWO II","2020","06","19",20.9,"",72.5,"",2.3,"",.0,"8"
"253220330","MARIANOWO II","2020","06","20",20.8,"",71.5,"",1.3,"",.0,"8"
"253220330","MARIANOWO II","2020","06","21",21.0,"",72.3,"",2.7,"",.0,"8"
"253220330","MARIANOWO II","2020","06","22",19.5,"",86.0,"",2.3,"",.0,"8"
"253220330","MARIANOWO II","2020","06","23",16.0,"",96.3,"",3.0,"",.0,"8"
"253220330","MARIANOWO II","2020","06","24",20.5,"",63.5,"",3.7,"",.0,"8"
"253220330","MARIANOWO II","2020","06","25",21.9,"",58.0,"",2.0,"",.0,"8"
"253220330","MARIANOWO II","2020","06","26",22.5,"",57.0,"",2.3,"",.0,"8"
"253220330","MARIANOWO II","2020","06","27",20.9,"",71.0,"",2.0,"",.0,"8"
"253220330","MARIANOWO II","2020","06","28",22.8,"",74.3,"",1.7,"",.0,"8"
"253220330","MARIANOWO II","2020","06","29",19.9,"",82.0,"",1.7,"",.0,"8"
"253220330","MARIANOWO II","2020","06","30",18.1,"",74.8,"",2.0,"",.0,"8"
"253230020","RÓ¯ANYSTOK","2020","06","01",11.8,"",.0,"8",.0,"8",.0,"8"
"253230020","RÓ¯ANYSTOK","2020","06","02",11.8,"",.0,"8",.0,"8",.0,"8"
"253230020","RÓ¯ANYSTOK","2020","06","03",11.4,"",.0,"8",.0,"8",.0,"8"
"253230020","RÓ¯ANYSTOK","2020","06","04",12.1,"",.0,"8",.0,"8",.0,"8"
"253230020","RÓ¯ANYSTOK","2020","06","05",14.2,"",.0,"8",.0,"8",.0,"8"
"253230020","RÓ¯ANYSTOK","2020","06","06",17.3,"",.0,"8",.0,"8",.0,"8"
"253230020","RÓ¯ANYSTOK","2020","06","07",21.4,"",.0,"8",.0,"8",.0,"8"
"253230020","RÓ¯ANYSTOK","2020","06","08",21.4,"",.0,"8",.0,"8",.0,"8"
"253230020","RÓ¯ANYSTOK","2020","06","09",16.4,"",.0,"8",.0,"8",.0,"8"
"253230020","RÓ¯ANYSTOK","2020","06","10",19.9,"",.0,"8",.0,"8",.0,"8"
"253230020","RÓ¯ANYSTOK","2020","06","11",22.6,"",.0,"8",.0,"8",.0,"8"
"253230020","RÓ¯ANYSTOK","2020","06","12",21.5,"",.0,"8",.0,"8",.0,"8"
"253230020","RÓ¯ANYSTOK","2020","06","13",19.6,"",.0,"8",.0,"8",.0,"8"
"253230020","RÓ¯ANYSTOK","2020","06","14",14.1,"",.0,"8",.0,"8",.0,"8"
"253230020","RÓ¯ANYSTOK","2020","06","15",15.8,"",.0,"8",.0,"8",.0,"8"
"253230020","RÓ¯ANYSTOK","2020","06","16",16.8,"",.0,"8",.0,"8",.0,"8"
"253230020","RÓ¯ANYSTOK","2020","06","17",20.8,"",.0,"8",.0,"8",.0,"8"
"253230020","RÓ¯ANYSTOK","2020","06","18",22.1,"",.0,"8",.0,"8",.0,"8"
"253230020","RÓ¯ANYSTOK","2020","06","19",21.3,"",.0,"8",.0,"8",.0,"8"
"253230020","RÓ¯ANYSTOK","2020","06","20",21.8,"",.0,"8",.0,"8",.0,"8"
"253230020","RÓ¯ANYSTOK","2020","06","21",22.1,"",.0,"8",.0,"8",.0,"8"
"253230020","RÓ¯ANYSTOK","2020","06","22",20.0,"",.0,"8",.0,"8",.0,"8"
"253230020","RÓ¯ANYSTOK","2020","06","23",17.2,"",.0,"8",.0,"8",.0,"8"
"253230020","RÓ¯ANYSTOK","2020","06","24",21.7,"",.0,"8",.0,"8",.0,"8"
"253230020","RÓ¯ANYSTOK","2020","06","25",21.4,"",.0,"8",.0,"8",.0,"8"
"253230020","RÓ¯ANYSTOK","2020","06","26",22.7,"",.0,"8",.0,"8",.0,"8"
"253230020","RÓ¯ANYSTOK","2020","06","27",21.3,"",.0,"8",.0,"8",.0,"8"
"253230020","RÓ¯ANYSTOK","2020","06","28",20.7,"",.0,"8",.0,"8",.0,"8"
"253230020","RÓ¯ANYSTOK","2020","06","29",20.4,"",.0,"8",.0,"8",.0,"8"
"253230020","RÓ¯ANYSTOK","2020","06","30",17.4,"",.0,"8",.0,"8",.0,"8"
"254170210","BORUCINO","2020","06","01",14.1,"",53.3,"",4.3,"",.7,""
"254170210","BORUCINO","2020","06","02",13.1,"",65.0,"",4.3,"",2.7,""
"254170210","BORUCINO","2020","06","03",12.5,"",62.3,"",3.7,"",1.0,""
"254170210","BORUCINO","2020","06","04",13.6,"",66.5,"",3.0,"",2.3,""
"254170210","BORUCINO","2020","06","05",12.4,"",89.8,"",3.7,"",7.0,""
"254170210","BORUCINO","2020","06","06",13.5,"",57.8,"",11.7,"",3.3,""
"254170210","BORUCINO","2020","06","07",14.6,"",74.3,"",1.0,"",7.0,""
"254170210","BORUCINO","2020","06","08",13.8,"",82.0,"",2.0,"",5.7,""
"254170210","BORUCINO","2020","06","09",13.2,"",66.5,"",3.7,"",5.0,""
"254170210","BORUCINO","2020","06","10",13.8,"",85.0,"",5.0,"",8.0,""
"254170210","BORUCINO","2020","06","11",17.9,"",91.3,"",4.3,"",6.7,""
"254170210","BORUCINO","2020","06","12",19.8,"",81.3,"",3.3,"",2.0,""
"254170210","BORUCINO","2020","06","13",18.8,"",84.5,"",7.7,"",5.0,""
"254170210","BORUCINO","2020","06","14",17.1,"",63.3,"",9.3,"",1.3,""
"254170210","BORUCINO","2020","06","15",14.4,"",73.3,"",1.7,"",7.7,""
"254170210","BORUCINO","2020","06","16",17.1,"",65.3,"",2.7,"",4.7,""
"254170210","BORUCINO","2020","06","17",18.7,"",67.3,"",3.0,"",2.3,""
"254170210","BORUCINO","2020","06","18",19.4,"",79.8,"",3.3,"",4.0,""
"254170210","BORUCINO","2020","06","19",18.8,"",86.3,"",1.3,"",5.3,""
"254170210","BORUCINO","2020","06","20",18.0,"",90.3,"",2.3,"",7.0,""
"254170210","BORUCINO","2020","06","21",19.9,"",79.5,"",2.7,"",6.0,""
"254170210","BORUCINO","2020","06","22",17.6,"",89.0,"",1.7,"",6.0,""
"254170210","BORUCINO","2020","06","23",16.2,"",74.0,"",4.3,"",3.7,""
"254170210","BORUCINO","2020","06","24",19.0,"",66.3,"",6.0,"",3.3,""
"254170210","BORUCINO","2020","06","25",21.5,"",64.8,"",2.3,"",2.0,""
"254170210","BORUCINO","2020","06","26",21.4,"",61.0,"",4.7,"",3.3,""
"254170210","BORUCINO","2020","06","27",21.1,"",72.8,"",1.0,"",4.7,""
"254170210","BORUCINO","2020","06","28",21.3,"",77.3,"",1.0,"",4.7,""
"254170210","BORUCINO","2020","06","29",17.3,"",88.3,"",2.0,"",8.0,""
"254170210","BORUCINO","2020","06","30",16.1,"",72.5,"",7.3,"",6.0,""
"254180090","GDAÑSK-RÊBIECHOWO","2020","06","01",14.3,"",.0,"8",5.0,"",.7,""
"254180090","GDAÑSK-RÊBIECHOWO","2020","06","02",12.2,"",.0,"8",4.0,"",3.7,""
"254180090","GDAÑSK-RÊBIECHOWO","2020","06","03",12.4,"",.0,"8",3.7,"",1.0,""
"254180090","GDAÑSK-RÊBIECHOWO","2020","06","04",12.6,"",.0,"8",3.7,"",3.3,""
"254180090","GDAÑSK-RÊBIECHOWO","2020","06","05",11.8,"",.0,"8",2.0,"",7.7,""
"254180090","GDAÑSK-RÊBIECHOWO","2020","06","06",14.1,"",.0,"8",4.7,"",4.7,""
"254180090","GDAÑSK-RÊBIECHOWO","2020","06","07",14.0,"",.0,"8",2.3,"",7.3,""
"254180090","GDAÑSK-RÊBIECHOWO","2020","06","08",13.2,"",.0,"8",3.3,"",6.0,""
"254180090","GDAÑSK-RÊBIECHOWO","2020","06","09",12.4,"",.0,"8",4.0,"",6.3,""
"254180090","GDAÑSK-RÊBIECHOWO","2020","06","10",13.9,"",.0,"8",3.3,"",8.0,""
"254180090","GDAÑSK-RÊBIECHOWO","2020","06","11",16.9,"",.0,"8",2.3,"",7.3,""
"254180090","GDAÑSK-RÊBIECHOWO","2020","06","12",18.7,"",.0,"8",3.7,"",4.7,""
"254180090","GDAÑSK-RÊBIECHOWO","2020","06","13",17.7,"",.0,"8",4.7,"",7.7,""
"254180090","GDAÑSK-RÊBIECHOWO","2020","06","14",16.3,"",.0,"8",5.3,"",1.3,""
"254180090","GDAÑSK-RÊBIECHOWO","2020","06","15",13.9,"",.0,"8",2.3,"",7.0,""
"254180090","GDAÑSK-RÊBIECHOWO","2020","06","16",16.1,"",.0,"8",4.0,"",6.3,""
"254180090","GDAÑSK-RÊBIECHOWO","2020","06","17",17.3,"",.0,"8",3.0,"",3.0,""
"254180090","GDAÑSK-RÊBIECHOWO","2020","06","18",18.1,"",.0,"8",2.7,"",5.0,""
"254180090","GDAÑSK-RÊBIECHOWO","2020","06","19",19.1,"",.0,"8",2.3,"",4.0,""
"254180090","GDAÑSK-RÊBIECHOWO","2020","06","20",19.0,"",.0,"8",3.0,"",6.7,""
"254180090","GDAÑSK-RÊBIECHOWO","2020","06","21",19.5,"",.0,"8",3.0,"",5.7,""
"254180090","GDAÑSK-RÊBIECHOWO","2020","06","22",17.7,"",.0,"8",6.7,"",5.7,""
"254180090","GDAÑSK-RÊBIECHOWO","2020","06","23",16.3,"",.0,"8",5.3,"",5.7,""
"254180090","GDAÑSK-RÊBIECHOWO","2020","06","24",18.8,"",.0,"8",4.7,"",6.0,""
"254180090","GDAÑSK-RÊBIECHOWO","2020","06","25",21.3,"",.0,"8",3.0,"",4.7,""
"254180090","GDAÑSK-RÊBIECHOWO","2020","06","26",22.7,"",.0,"8",4.3,"",4.7,""
"254180090","GDAÑSK-RÊBIECHOWO","2020","06","27",21.2,"",.0,"8",3.0,"",4.7,""
"254180090","GDAÑSK-RÊBIECHOWO","2020","06","28",21.9,"",.0,"8",2.3,"",5.3,""
"254180090","GDAÑSK-RÊBIECHOWO","2020","06","29",17.9,"",.0,"8",2.3,"",8.0,""
"254180090","GDAÑSK-RÊBIECHOWO","2020","06","30",17.1,"",.0,"8",4.7,"",5.3,""
"254200080","LIDZBARK WARMIÑSKI","2020","06","01",12.4,"",51.5,"",4.7,"",2.3,""
"254200080","LIDZBARK WARMIÑSKI","2020","06","02",12.3,"",58.5,"",3.7,"",1.7,""
"254200080","LIDZBARK WARMIÑSKI","2020","06","03",10.4,"",75.5,"",2.3,"",4.7,""
"254200080","LIDZBARK WARMIÑSKI","2020","06","04",12.7,"",71.3,"",1.3,"",1.3,""
"254200080","LIDZBARK WARMIÑSKI","2020","06","05",13.8,"",68.0,"",2.3,"",8.0,""
"254200080","LIDZBARK WARMIÑSKI","2020","06","06",14.9,"",72.3,"",4.0,"",6.3,""
"254200080","LIDZBARK WARMIÑSKI","2020","06","07",18.1,"",76.0,"",1.3,"",7.3,""
"254200080","LIDZBARK WARMIÑSKI","2020","06","08",15.2,"",93.3,"",2.7,"",8.0,""
"254200080","LIDZBARK WARMIÑSKI","2020","06","09",13.4,"",82.8,"",3.3,"",8.0,""
"254200080","LIDZBARK WARMIÑSKI","2020","06","10",16.1,"",92.0,"",1.7,"",8.0,""
"254200080","LIDZBARK WARMIÑSKI","2020","06","11",20.4,"",79.8,"",1.3,"",6.0,""
"254200080","LIDZBARK WARMIÑSKI","2020","06","12",22.0,"",74.8,"",1.7,"",2.7,""
"254200080","LIDZBARK WARMIÑSKI","2020","06","13",19.1,"",89.8,"",3.7,"",8.0,""
"254200080","LIDZBARK WARMIÑSKI","2020","06","14",15.5,"",63.5,"",4.0,"",4.3,""
"254200080","LIDZBARK WARMIÑSKI","2020","06","15",13.7,"",79.8,"",1.0,"",8.0,""
"254200080","LIDZBARK WARMIÑSKI","2020","06","16",17.6,"",68.5,"",.7,"",2.3,""
"254200080","LIDZBARK WARMIÑSKI","2020","06","17",18.6,"",68.5,"",3.3,"",5.3,""
"254200080","LIDZBARK WARMIÑSKI","2020","06","18",20.5,"",80.3,"",1.7,"",4.7,""
"254200080","LIDZBARK WARMIÑSKI","2020","06","19",21.3,"",76.5,"",1.0,"",4.3,""
"254200080","LIDZBARK WARMIÑSKI","2020","06","20",20.2,"",84.8,"",1.0,"",7.0,""
"254200080","LIDZBARK WARMIÑSKI","2020","06","21",20.5,"",86.8,"",2.0,"",6.3,""
"254200080","LIDZBARK WARMIÑSKI","2020","06","22",18.5,"",90.3,"",3.0,"",8.0,""
"254200080","LIDZBARK WARMIÑSKI","2020","06","23",15.5,"",91.5,"",2.3,"",8.0,""
"254200080","LIDZBARK WARMIÑSKI","2020","06","24",20.2,"",73.0,"",3.7,"",2.0,""
"254200080","LIDZBARK WARMIÑSKI","2020","06","25",21.6,"",67.5,"",1.7,"",2.0,""
"254200080","LIDZBARK WARMIÑSKI","2020","06","26",22.3,"",57.0,"",2.3,"",1.0,""
"254200080","LIDZBARK WARMIÑSKI","2020","06","27",20.2,"",74.3,"",2.7,"",6.0,""
"254200080","LIDZBARK WARMIÑSKI","2020","06","28",21.6,"",77.3,"",1.7,"",1.7,""
"254200080","LIDZBARK WARMIÑSKI","2020","06","29",18.9,"",93.5,"",2.0,"",8.0,""
"254200080","LIDZBARK WARMIÑSKI","2020","06","30",17.7,"",73.5,"",3.0,"",6.0,""
"254220090","OLECKO","2020","06","01",13.3,"",.0,"8",.0,"8",3.7,""
"254220090","OLECKO","2020","06","02",12.9,"",.0,"8",.0,"8",3.3,""
"254220090","OLECKO","2020","06","03",12.5,"",.0,"8",.0,"8",7.7,""
"254220090","OLECKO","2020","06","04",12.4,"",.0,"8",.0,"8",5.3,""
"254220090","OLECKO","2020","06","05",14.6,"",.0,"8",.0,"8",7.0,""
"254220090","OLECKO","2020","06","06",16.7,"",.0,"8",.0,"8",6.0,""
"254220090","OLECKO","2020","06","07",19.8,"",.0,"8",.0,"8",4.7,""
"254220090","OLECKO","2020","06","08",18.7,"",.0,"8",.0,"8",4.3,""
"254220090","OLECKO","2020","06","09",14.8,"",.0,"8",.0,"8",8.0,""
"254220090","OLECKO","2020","06","10",19.1,"",.0,"8",.0,"8",7.7,""
"254220090","OLECKO","2020","06","11",21.9,"",.0,"8",.0,"8",3.7,""
"254220090","OLECKO","2020","06","12",22.1,"",.0,"8",.0,"8",4.0,""
"254220090","OLECKO","2020","06","13",19.7,"",.0,"8",.0,"8",6.0,""
"254220090","OLECKO","2020","06","14",14.8,"",.0,"8",.0,"8",7.7,""
"254220090","OLECKO","2020","06","15",15.4,"",.0,"8",.0,"8",6.3,""
"254220090","OLECKO","2020","06","16",17.8,"",.0,"8",.0,"8",2.0,""
"254220090","OLECKO","2020","06","17",21.2,"",.0,"8",.0,"8",5.3,""
"254220090","OLECKO","2020","06","18",22.9,"",.0,"8",.0,"8",3.7,""
"254220090","OLECKO","2020","06","19",21.8,"",.0,"8",.0,"8",7.7,""
"254220090","OLECKO","2020","06","20",22.0,"",.0,"8",.0,"8",6.3,""
"254220090","OLECKO","2020","06","21",21.4,"",.0,"8",.0,"8",5.7,""
"254220090","OLECKO","2020","06","22",20.3,"",.0,"8",.0,"8",7.7,""
"254220090","OLECKO","2020","06","23",16.5,"",.0,"8",.0,"8",8.0,""
"254220090","OLECKO","2020","06","24",21.5,"",.0,"8",.0,"8",2.7,""
"254220090","OLECKO","2020","06","25",22.9,"",.0,"8",.0,"8",4.0,""
"254220090","OLECKO","2020","06","26",23.0,"",.0,"8",.0,"8",2.7,""
"254220090","OLECKO","2020","06","27",21.2,"",.0,"8",.0,"8",5.7,""
"254220090","OLECKO","2020","06","28",21.9,"",.0,"8",.0,"8",3.3,""
"254220090","OLECKO","2020","06","29",21.0,"",.0,"8",.0,"8",8.0,""
"254220090","OLECKO","2020","06","30",17.7,"",.0,"8",.0,"8",7.0,""
